structure(c(0.693851455067993, -0.645093449131986, 1.74468629216098, 
-1.6929041640744, 0.565304877538493, -0.270591325597897, -0.597080374689369, 
0.326644705252961, -0.949652241760001, 0.868914104325496, -2.75295735007077, 
2.53173995039608, -0.87050629301267, 0.333408167616089, 1.07454336661064, 
-0.453565889602261, 2.05336435801046e-13, -1.6017492717327e-13, 
1.38246604420173e-12, 1.99885156589767e-13, 1.4013860870994e-12, 
-4.62154149160781e-13, 5.69144232294179e-13, 1.13404074534791e-12, 
-1.97367287711834e-05, 2.08517728943964e-05, -5.64134636849043e-06, 
2.34386950191133e-05, -5.14660859239516e-05, -9.69925741736295e-07, 
-3.47450015523272e-05, -7.0053221670929e-05, -6.66313909862106e-10, 
8.18444752743424e-10, 3.4798179846087e-09, -2.40701835001593e-09, 
-3.67839445106321e-10, -7.98899545109053e-10, -3.91933588638815e-09, 
2.97683801900737e-09, 0.00228646333057169, -0.000978017693981493, 
-0.0019362754667031, -0.00370018822408138, 0.00388426368810153, 
-0.00259034810441813, 0.00256655161809276, -0.00126372401665642, 
-0.00250191568647327, -0.00478111669518131, 0.00501896575077826, 
-0.00334706123530039, 0.00155265845157267, -0.000897797994562942, 
-0.00177745683094575, -0.00339668861571547, 0.00356566570426977, 
-0.00237788063309793, -0.0365283417777002, 0.017984649828809, 
0.0356059368414404, 0.068042316535193, -0.0714272581207243, 0.0476335999634611, 
-0.645093449154509, 0.60487616637034, -1.49246866459312, 1.49798311993146, 
-0.500678054898636, 0.257413901653024, 0.469930933601368, -0.308521539891518, 
0.86891410435808, -0.800795139978548, 2.37076441287828, -2.22969128956684, 
0.761852667127026, -0.316419784054448, -0.882125045814731, 0.416289805879273, 
-1.60147786887093e-13, 2.48068218876332e-13, 2.67002865788878e-12, 
-2.06167798598244e-12, 1.24015972041992e-12, 9.78145265829219e-13, 
1.01914739116209e-12, 1.50848094789286e-12, 2.08517728963327e-05, 
-2.20321569558825e-05, 5.89034211057484e-06, -2.47021355005536e-05, 
5.43561079315606e-05, 1.02964352394185e-06, 3.67339287931124e-05, 
7.39417473534425e-05, 8.18444810075003e-10, -1.21758720558713e-09, 
-1.05367056839345e-08, 8.3883232284183e-09, -1.05072049207011e-09, 
1.42487972677125e-09, 7.01360409545724e-09, -9.70951138709033e-09, 
-0.00208698576730278, 0.00083778398397773, 0.00152349878410017, 
0.00341117373664475, -0.00360242897141006, 0.00240998993887427, 
-0.00228009780583152, 0.00108252411775078, 0.00196855538986284, 
0.00440767299253597, -0.00465479923064072, 0.00311401540520688, 
-0.00132121950234639, 0.000769066638958184, 0.0013985372264116, 
0.00313137989089476, -0.00330694784565743, 0.0022123159400607, 
0.0323932375532052, -0.0154059089901753, -0.0280154360353601, 
-0.0627276638615447, 0.0662446333878086, -0.044317015334985, 
1.74468629222397, -1.49246866457562, 7.82213401022534, -6.27460754626025, 
2.47287410080589, -0.252415635748814, -3.92080419990232, 0.991324899221731, 
-2.75295735016851, 2.37076441285017, -11.9733252290497, 9.68286198778407, 
-3.92009156190558, 0.334300614167554, 6.0404554939658, -1.62755456828952, 
1.38250416715881e-12, 2.67020996071899e-12, 1.23620409554524e-10, 
-5.70378109186555e-11, 8.07064116824425e-11, 1.61168223955025e-11, 
4.84793901264004e-11, 8.06937260526989e-11, -5.64134636796087e-06, 
5.89034211072967e-06, -3.68573719537386e-06, 8.50647207032216e-06, 
-1.52339668860067e-05, -1.31383060070953e-07, -9.15973974507393e-06, 
-2.20806860070578e-05, 3.47981809118873e-09, -1.05367046298932e-08, 
-2.03517745843938e-07, 1.73855631946012e-07, -4.3548577621671e-08, 
1.59209264058545e-08, 8.57928411449863e-08, -1.94515935371605e-07, 
0.00649196394240337, -0.00466001822213606, -0.0109660057244583, 
-0.00972397396482245, 0.00987232097065931, -0.00804574717697581, 
0.00849174820512474, -0.00602133988127812, -0.0141694827057905, 
-0.0125646187306752, 0.0127563020460038, -0.0103961349595447, 
0.00686407726725403, -0.00427779071910278, -0.0100665437941087, 
-0.00892638689321007, 0.00906256606985655, -0.00738581287917265, 
-0.125649962631957, 0.0856925150101014, 0.201652561288447, 0.178812988537432, 
-0.181540923797803, 0.147952277837463, -1.69290416410377, 1.49798311989253, 
-6.27460754617964, 5.35522009125566, -1.97491120329752, 0.403100746292428, 
2.86072162603259, -0.914172851100024, 2.53173995044296, -2.22969128950939, 
9.68286198766066, -8.163538880715, 3.11742665586116, -0.513332118970773, 
-4.56493307441833, 1.40845278400835, 1.99901700137369e-13, -2.06172957671054e-12, 
-5.70379518265879e-11, 3.07427388729721e-11, -3.51120628932262e-11, 
-1.11884512603193e-11, -2.23191014897718e-11, -3.62479300489112e-11, 
2.34386950185136e-05, -2.47021354995769e-05, 8.50647207057982e-06, 
-2.94180716915443e-05, 6.15703786633215e-05, 1.02957450700955e-06, 
4.05991444445761e-05, 8.49793163905857e-05, -2.40701868755818e-09, 
8.38832331888596e-09, 1.73855632475374e-07, -1.49608462927231e-07, 
3.90781767941177e-08, -1.16033780536488e-08, -7.09597476828041e-08, 
1.65899197535148e-07, -0.00604370022717994, 0.00380650878307822, 
0.00786842701807458, 0.00837370959687451, -0.00867561044219554, 
0.00765350297818766, -0.00732528959599268, 0.00491849646320811, 
0.0101670146228153, 0.010819904375138, -0.0112099989012766, 0.00988930525961694, 
-0.00524772430773045, 0.00349428847023701, 0.00722303700713056, 
0.00768687491999165, -0.00796401302820542, 0.00702574162768666, 
0.106673322095975, -0.0699974325166094, -0.14469155874736, -0.153983139359956, 
0.159534757720188, -0.140739346409182, 0.565304877571276, -0.500678054904736, 
2.47287410084819, -1.97491120335258, 1.79169407547224, 0.614769236811721, 
-1.67163479533478, 1.0299739138116, -0.870506293063284, 0.761852667134968, 
-3.92009156197251, 3.11742665594883, -2.46015269616245, -0.742744282765431, 
2.54632153661449, -1.35000055882811, 1.40140248020371e-12, 1.24015660044165e-12, 
8.07064715661153e-11, -3.51120339703427e-11, 5.4201401896042e-11, 
9.06168939884491e-12, 3.17222818786056e-11, 5.3423184579363e-11, 
-5.14660859239653e-05, 5.43561079323734e-05, -1.52339668864626e-05, 
6.15703786655401e-05, -0.000134340651616385, -2.48978649754369e-06, 
-9.04025493102456e-05, -0.000183196704191038, -3.67839532043299e-10, 
-1.05072048338856e-09, -4.35485780839486e-08, 3.90781770080523e-08, 
-1.3068796838629e-08, 9.32726297380005e-12, 1.39531167279453e-08, 
-4.16925737433049e-08, 0.00126917646890613, -0.00215007162263456, 
-0.000889441733796849, -0.00306523021603534, 0.00356946386710155, 
-0.00603098648087003, 0.00107239469545504, -0.00277816767912742, 
-0.00114927254107658, -0.0039606696938661, 0.00461220409724602, 
-0.00779280631313012, 0.00153079977617709, -0.00197371683850082, 
-0.000816487278068081, -0.002813811608744, 0.00327668662974109, 
-0.00553630839309622, -0.0222987956691567, 0.0395374086563606, 
0.016355837142621, 0.0563661500399061, -0.0656384420456628, 0.110903085546481, 
-0.270591325600495, 0.257413901648754, -0.252415635745756, 0.403100746302709, 
0.614769236812507, 0.725157550720533, -0.436377598962215, 0.306019321991006, 
0.333408167618951, -0.316419784049073, 0.334300614162314, -0.513332118982381, 
-0.742744282767039, -0.875910984076575, 0.524054560236908, -0.385401669301284, 
-4.62107375414769e-13, 9.78151041854402e-13, 1.61164990019692e-11, 
-1.11882838564167e-11, 9.06146587940899e-12, 5.5630913887935e-12, 
6.28695436463755e-12, 9.85735419803549e-12, -9.69925741158181e-07, 
1.02964352362146e-06, -1.31383059730094e-07, 1.02957450703076e-06, 
-2.48978649759664e-06, -6.12993943716492e-08, -1.76867977485773e-06, 
-3.29390130675338e-06, -7.988991922959e-10, 1.42487976163764e-09, 
1.59209270086748e-08, -1.16033778671515e-08, 9.32668104795321e-12, 
-7.20910607372828e-09, -1.13738390047682e-08, 1.92099961629346e-08, 
-0.00164890396622117, -0.000492953726689695, 0.00127007528200645, 
0.0017665400571689, -0.00176436838132169, -0.00118038032455196, 
-0.00124664792854439, -0.000636959297733749, 0.0016410997947023, 
0.00228259581641212, -0.00227978973326357, -0.00152520243157949, 
-0.00143891160925631, -0.000452520307066938, 0.00116590021642571, 
0.00162164358620531, -0.00161965003722404, -0.0010835622859628, 
0.0244371328929379, 0.00906486683316533, -0.0233552617131318, 
-0.0324846927949505, 0.0324447581087282, 0.0217058719217699, 
-0.597080374734027, 0.46993093360741, -3.92080419996477, 2.86072162611259, 
-1.67163479532842, -0.436377598954574, 2.57306720257032, -0.642140930240103, 
1.07454336668123, -0.882125045822971, 6.04045549406169, -4.56493307454587, 
2.54632153660604, 0.524054560226797, -3.76610691184839, 1.04882123909756, 
5.69228796975449e-13, 1.01941812327399e-12, 4.84802003879364e-11, 
-2.23193071148766e-11, 3.1723496089222e-11, 6.28735095704883e-12, 
1.90797932080364e-11, 3.17016429616621e-11, -3.47450015528512e-05, 
3.67339287899536e-05, -9.15973974621402e-06, 4.05991444451905e-05, 
-9.04025493100798e-05, -1.76867977517257e-06, -6.14688370882398e-05, 
-0.000122549662825942, -3.9193354698859e-09, 7.01360348428362e-09, 
8.57928414362964e-08, -7.09597470777361e-08, 1.39531155807224e-08, 
-1.13738373190453e-08, -5.05207241361321e-08, 8.5748729064659e-08, 
-0.00200254140623293, 0.00276857203587575, 0.00519286143706772, 
0.00333367989743062, -0.00304557230241226, 0.00475872338972547, 
-0.0035138770765366, 0.00357734936225931, 0.00670984150240515, 
0.00430754103576229, -0.00393526915351962, 0.00614887958910924, 
-0.00261817887264676, 0.00254148614809344, 0.00476692866911364, 
0.00306024230956443, -0.00279576609107158, 0.00436839981763352, 
0.0472720471988009, -0.0509109384213784, -0.0954909048478348, 
-0.0613026389679914, 0.0560046630272374, -0.0875075924759155, 
0.326644705262211, -0.308521539888461, 0.991324899217535, -0.914172851106212, 
1.0299739137913, 0.306019321984946, -0.642140930230571, 0.868585319010494, 
-0.453565889616594, 0.416289805874783, -1.62755456828276, 1.40845278401799, 
-1.35000055880125, -0.385401669293392, 1.04882123908075, -1.0271265257329, 
1.13411349326857e-12, 1.50864251956791e-12, 8.06941089968423e-11, 
-3.62480568558594e-11, 5.34235467878436e-11, 9.85757538075768e-12, 
3.17014662274968e-11, 5.30554005082968e-11, -7.0053221672769e-05, 
7.39417473535226e-05, -2.20806860070421e-05, 8.4979316390772e-05, 
-0.000183196704186199, -3.29390130728117e-06, -0.000122549662818696, 
-0.000250693068896321, 2.9768380902889e-09, -9.70951127567306e-09, 
-1.94515935842557e-07, 1.65899198001275e-07, -4.16925741748172e-08, 
1.92099966908847e-08, 8.57487292421118e-08, -1.9269891600676e-07, 
0.00124556586933957, -0.000924862573052396, 0.00240210550500899, 
-0.00051826922111682, 0.001266809395824, -0.00549164864132882, 
-0.0010087937516706, -0.0011950407981601, 0.00310382770769645, 
-0.00066967015621527, 0.00163687985193369, -0.00709591280581316, 
0.0013147124108253, -0.00084900280276172, 0.00220507820904206, 
-0.000475759355127895, 0.00116290220722975, -0.00504120852549935, 
-0.00823357551750976, 0.0170071866980039, -0.0441720294274154, 
0.00953039041851828, -0.0232952057253775, 0.100985266836312, 
-0.949652241788507, 0.868914104350919, -2.75295735017304, 2.5317399504837, 
-0.870506293049981, 0.333408167620298, 1.07454336665918, -0.453565889621391, 
1.34056497688604, -1.21074508209415, 4.30620838611531, -3.82001430632639, 
1.35930811218665, -0.413777745960827, -1.82456972918538, 0.659334553019602, 
-1.6664110158871e-13, 1.2913500322049e-13, -1.12660510851145e-12, 
-1.99852497811865e-13, -1.12035761485801e-12, 4.37172825877232e-13, 
-4.61150435414191e-13, -9.11520110169168e-13, 2.12406676663558e-05, 
-2.24408807338407e-05, 6.06526896742384e-06, -2.52194222389088e-05, 
5.53865497823361e-05, 1.04434599315092e-06, 3.73951512202676e-05, 
7.53854604859067e-05, 6.9249142481132e-10, -8.85376133202089e-10, 
-4.60808982992996e-09, 3.35927576895906e-09, 1.88368054233923e-10, 
7.57809866482004e-10, 4.1185089220908e-09, -3.68991970765433e-09, 
-0.00275702688545889, 0.00164516991740329, 0.00309488230102768, 
0.00469159052842743, -0.00486019148295144, 0.00332698072713737, 
-0.00409264839825337, 0.00197306651809035, 0.00459417539900163, 
0.00696439725059116, -0.00721467570452509, 0.00493871221042686, 
-0.0027721216019185, 0.00115733774774615, 0.00311182677521711, 
0.00471727697682576, -0.00488680102120702, 0.00334519593969303, 
0.0553189212346207, -0.027330563649675, -0.0620978892665838, 
-0.0941353630875366, 0.0975182908966828, -0.0667548748843848, 
0.868914104352698, -0.800795139973214, 2.3707644128812, -2.22969128956339, 
0.76185266714754, -0.316419784035439, -0.882125045832017, 0.416289805891147, 
-1.21074508209896, 1.09984341253733, -3.72308221800644, 3.35269342358701, 
-1.18161459972362, 0.391876017635445, 1.53041569963963, -0.591851851643862, 
1.29122909380829e-13, -1.95140367157017e-13, -2.02947789819181e-12, 
1.64089004578232e-12, -9.43128648273753e-13, -8.32994693527882e-13, 
-7.76506561562408e-13, -1.14953056513618e-12, -2.24408807321811e-05, 
2.37119253582218e-05, -6.31839732370872e-06, 2.65664034254029e-05, 
-5.84935673640451e-05, -1.1096947390898e-06, -3.95416021165205e-05, 
-7.95562143873754e-05, -8.85376202012395e-10, 1.43077224415479e-09, 
1.47138186139547e-08, -1.19506649579046e-08, 1.88701346745825e-09, 
-1.60281927399031e-09, -8.40255354845159e-09, 1.32882245544602e-08, 
0.00244228680384162, -0.00147361088467375, -0.00256037332593333, 
-0.00426950079880043, 0.00444410177666101, -0.0030200168709094, 
0.00362543478565075, -0.0016817687491977, -0.00380072745974272, 
-0.00633782923805277, 0.00659701438286478, -0.00448304195886187, 
0.00245565831899105, -0.000933113390850725, -0.00257439136450716, 
-0.00429287630675113, 0.00446843322464612, -0.00303655145702367, 
-0.0490037554750009, 0.0233478659075802, 0.0513731262804065, 
0.0856662586934151, -0.0891695751803319, 0.0605957367663773, 
-2.75295735016695, 2.37076441284844, -11.9733252290529, 9.6828619877847, 
-3.92009156190575, 0.334300614165568, 6.04045549397041, -1.62755456828764, 
4.30620838610681, -3.72308221795435, 18.3949111065684, -14.9490480417595, 
6.17796612206279, -0.442021096917253, -9.3351911134892, 2.62329303744504, 
-1.12657219036006e-12, -2.02925251964297e-12, -9.62405650778805e-11, 
4.41485570486489e-11, -6.29351229193499e-11, -1.2317914643485e-11, 
-3.77572649185518e-11, -6.28679471237462e-11, 6.06526896630285e-06, 
-6.3183973230356e-06, 4.396094406694e-06, -9.5229201803735e-06, 
1.64882235600078e-05, 1.10222422193744e-07, 9.6853260926152e-06, 
2.41704908020535e-05, -4.60809036993222e-09, 1.47138187558004e-08, 
2.91877053470298e-07, -2.49671668097331e-07, 6.29584742698027e-08, 
-2.20595399249151e-08, -1.20439912092871e-07, 2.77946970679498e-07, 
-0.00972000771107281, 0.00608483731323522, 0.0149875684643121, 
0.0138649565308285, -0.0140179623341352, 0.0119841624813954, 
-0.0144287943648868, 0.00931480588669981, 0.0222481864036364, 
0.0205817333284933, -0.0208088616743253, 0.0177898023560112, 
-0.00977322473310762, 0.00713472638191776, 0.0150696253705221, 
0.0139408671389725, -0.0140947106487441, 0.0120497757460617, 
0.195029052418997, -0.130286735021459, -0.300721086087347, -0.278196212842693, 
0.281266228600108, -0.240458641829233, 2.53173995045994, -2.22969128952445, 
9.68286198771997, -8.16353888076625, 3.11742665587327, -0.51333211898056, 
-4.56493307444082, 1.4084527840128, -3.82001430629172, 3.35269342352553, 
-14.9490480416587, 12.4957051278071, -4.91233963844354, 0.655330664948576, 
7.22152486576197, -2.19036541137712, -1.99847237813713e-13, 1.64075852494279e-12, 
4.41487262201652e-11, -2.40158784584755e-11, 2.70582059513252e-11, 
8.83174495068664e-12, 1.72688333483511e-11, 2.80008826595253e-11, 
-2.52194222373116e-05, 2.65664034248735e-05, -9.52292018054235e-06, 
3.19751494406071e-05, -6.63420074522665e-05, -1.08148209940995e-06, 
-4.35453284194919e-05, -9.18033456136781e-05, 3.35927610200866e-09, 
-1.19506651596816e-08, -2.49671668285198e-07, 2.14807855831002e-07, 
-5.59984681362686e-08, 1.66172308511093e-08, 1.008489671397e-07, 
-2.376485602304e-07, 0.00820419897117474, -0.00547878354746317, 
-0.0113722758157273, -0.0118460536980228, 0.0121374774042932, 
-0.0106484879608173, 0.0121786631659161, -0.00767712822172183, 
-0.016881491669908, -0.0175847877825387, 0.0180173895721445, 
-0.0158070700816854, 0.00824911694353446, -0.00526045322002506, 
-0.0114345390022205, -0.0119109108173782, 0.0122039300678569, 
-0.0107067884102679, -0.164614802658775, 0.106087522812422, 0.22818131858678, 
0.237687530328576, -0.243534859978705, 0.21365873139406, -0.870506293043664, 
0.76185266711755, -3.92009156189431, 3.11742665588448, -2.46015269611945, 
-0.74274428275676, 2.54632153656936, -1.35000055880485, 1.35930811217851, 
-1.18161459968207, 6.17796612204422, -4.91233963846159, 3.45834087015209, 
0.899798932487003, -3.87375333305155, 1.82223047448885, -1.1203955006654e-12, 
-9.42888977599404e-13, -6.29352304358549e-11, 2.70583860984401e-11, 
-4.22536274764265e-11, -6.6809443192537e-12, -2.47404428420068e-11, 
-4.16440722233546e-11, 5.53865497805517e-05, -5.84935673641105e-05, 
1.64882235609884e-05, -6.63420074521896e-05, 0.000144598059571289, 
2.67272758923902e-06, 9.72539835953869e-05, 0.000197245142126858, 
1.88368059223238e-10, 1.88701352327768e-09, 6.29584748292259e-08, 
-5.59984684252939e-08, 1.79101434001383e-08, -9.19454895596134e-10, 
-2.1714429223756e-08, 6.04016056364793e-08, -0.00217168428228729, 
0.0027881663141597, 0.00224279686450467, 0.00422755654782152, 
-0.00469373764744383, 0.00757512622746983, -0.00322374085144445, 
0.00369221447298317, 0.00332930340410625, 0.00627556540156098, 
-0.00696758452577105, 0.0112448407318993, -0.00218357424925771, 
0.00324642152666684, 0.00225507617270045, 0.00425070241114628, 
-0.00471943585130516, 0.00761660002781764, 0.0435741966792537, 
-0.0561840103846628, -0.0450010494084808, -0.0848246598232491, 
0.0941784443900676, -0.151992645891284, 0.333408167621483, -0.31641978405138, 
0.334300614168599, -0.513332118988459, -0.742744282768502, -0.875910984080153, 
0.524054560236445, -0.385401669302593, -0.413777745962048, 0.391876017654944, 
-0.442021096920335, 0.65533066495788, 0.89979893250147, 1.06429387228158, 
-0.630255830282333, 0.483773100434793, 4.371559338316e-13, -8.32933677223653e-13, 
-1.23178468737284e-11, 8.83165069846956e-12, -6.68086237575752e-12, 
-4.40985336682427e-12, -4.78005362634158e-12, -7.41493836651119e-12, 
1.04434599315593e-06, -1.10969473901507e-06, 1.10222422465687e-07, 
-1.08148209932443e-06, 2.67272758983856e-06, 6.81788079362574e-08, 
1.9159368068475e-06, 3.51550426212355e-06, 7.57809959684951e-10, 
-1.6028194797437e-09, -2.20595397189754e-08, 1.66172312763921e-08, 
-9.19454959032294e-10, 8.50817812041595e-09, 1.32066751420355e-08, 
-2.52925601282575e-08, 0.00149457812499853, 0.000172059457688141, 
-0.00155700654546972, -0.00199307551580454, 0.00199230479984108, 
0.00142975745532863, 0.00221861556788456, 0.001327870632794, 
-0.0023112869801335, -0.00295860637420961, 0.00295746229054085, 
0.00212239299884019, 0.00150276093709242, 0.000277714185260028, 
-0.00156553115309833, -0.00200398760012993, 0.00200321266449438, 
0.00143758537444978, -0.0299882638106451, -0.0106759587872495, 
0.0312408714273781, 0.0399904651110533, -0.0399750009253467, 
-0.0286876564289614, 1.07454336666046, -0.882125045805069, 6.04045549397453, 
-4.5649330744744, 2.5463215365849, 0.524054560235513, -3.76610691181179, 
1.04882123909037, -1.82456972918679, 1.53041569960062, -9.335191113499, 
7.22152486581806, -3.87375333307496, -0.630255830281093, 5.59519241273396, 
-1.66151203899883, -4.61285103062661e-13, -7.76496967962124e-13, 
-3.77573105872798e-11, 1.7268850514235e-11, -2.47407158862909e-11, 
-4.78011904142316e-12, -1.48649517610403e-11, -2.47060429482967e-11, 
3.73951512181411e-05, -3.95416021173336e-05, 9.68532609549771e-06, 
-4.35453284194809e-05, 9.72539835986736e-05, 1.91593680602765e-06, 
6.62220172803696e-05, 0.000131725022094734, 4.11850949606966e-09, 
-8.40255336128725e-09, -1.20439909813419e-07, 1.00848966712296e-07, 
-2.1714429444059e-08, 1.32066735727148e-08, 6.19644640402168e-08, 
-1.17286336568528e-07, 0.00399029667012314, -0.00309644012886805, 
-0.00701885284105083, -0.00531258408657843, 0.00505509607884552, 
-0.00709933341057447, 0.00592336671096089, -0.0057868606827378, 
-0.010419084771645, -0.00788622659665333, 0.00750400040633125, 
-0.0105385535642472, 0.00401214353618256, -0.00398472152859739, 
-0.00705728104582684, -0.00534167047330895, 0.00508277271923329, 
-0.0071382022462992, -0.0800641112218163, 0.0748291177392571, 
0.140831186494384, 0.106595413408484, -0.101428993414495, 0.142446005086554, 
-0.453565889619448, 0.416289805877498, -1.62755456829174, 1.40845278402623, 
-1.35000055881229, -0.385401669297242, 1.04882123908727, -1.02712652574241, 
0.659334553017977, -0.591851851625406, 2.62329303745058, -2.19036541139716, 
1.8222304744983, 0.483773100428096, -1.66151203899456, 1.25848539298404, 
-9.11462829681541e-13, -1.14941043872607e-12, -6.28681259053901e-11, 
2.8000784258295e-11, -4.16442985399831e-11, -7.4149892315145e-12, 
-2.4706122966777e-11, -4.13407857021398e-11, 7.5385460484965e-05, 
-7.95562143882702e-05, 2.41704908048219e-05, -9.18033456164357e-05, 
0.000197245142130533, 3.51550426152743e-06, 0.000131725022096542, 
0.000270181762153445, -3.68991993925008e-09, 1.32882250309816e-08, 
2.7794697102544e-07, -2.37648559743136e-07, 6.04016055751814e-08, 
-2.52925603249819e-08, -1.17286336457319e-07, 2.72136570584034e-07, 
-0.000848542561698331, 0.00200143585672681, -0.00164671764166771, 
0.00102495780803625, -0.00172757664243132, 0.00602981301685319, 
-0.00125961280032373, 0.000282168897334331, -0.00244445796077708, 
0.00152149112269991, -0.002564488513218, 0.00895091183722191, 
-0.000853188330420615, 0.00209606447869677, -0.00165573341727442, 
0.00103056944996148, -0.00173703512097714, 0.00606282623053599, 
0.0170257531333675, -0.0245919145857815, 0.0330408977850707, 
-0.0205654723758121, 0.0346633094924378, -0.120986397736967, 
1.99783435268499e-13, -1.54230533104032e-13, 1.38497744816595e-12, 
2.01399676731656e-13, 1.40771286008857e-12, -4.52696985088135e-13, 
5.67603162048863e-13, 1.14829359287093e-12, -1.61137779955478e-13, 
1.23483294411269e-13, -1.1270539668744e-12, -2.02956172493762e-13, 
-1.1208512085594e-12, 4.26655972102415e-13, -4.55270687374047e-13, 
-9.20428799467395e-13, 0.00103100716837197, -0.000864688956620968, 
-0.000125191308712595, 0.00375403338613433, -0.00671558380562025, 
0.000673500946057027, -0.00551863195014293, -0.00394650985463739, 
-8.31521894296458e-08, 2.83985108146139e-08, -5.63322165629445e-08, 
-1.09323794174194e-06, 1.94951374799968e-06, -2.6685306837144e-07, 
1.61553828774851e-06, 1.09537560380758e-06, -7.32730492099943e-08, 
7.09344627705412e-08, 4.43455070278302e-08, -1.06889275600407e-07, 
1.75999970199444e-07, -7.10893170780293e-08, 2.54716539260677e-07, 
1.42512173118066e-07, -1.42698802964072e-05, -1.42698803016233e-05, 
0.00013697501249589, 1.05735215546571e-05, -1.01563900715078e-05, 
-1.2607421173535e-05, 0.000185696012362791, 0.000185696012146732, 
-0.000206452177831003, -0.000137594761173137, 0.000132166571461532, 
0.000164062190118071, 0.000135806837296467, 0.000135806837438035, 
-0.000119179595506075, -0.000100628489829832, 9.66586405160063e-05, 
0.000119985167660279, -0.00184345311909543, -0.00184345311910887, 
0.00123928964221247, 0.00136593935733445, -0.00131205229168227, 
-0.00162868848354195, -1.54217345456977e-13, 2.41832195503895e-13, 
2.66831829965829e-12, -2.06149679771697e-12, 1.23425311496821e-12, 
9.78241217272876e-13, 1.02164943588314e-12, 1.50038871321763e-12, 
1.26355146448528e-13, -1.91091781339725e-13, -2.02606440649853e-12, 
1.64094646638185e-12, -9.34925672572266e-13, -8.27238558895591e-13, 
-7.79205114298136e-13, -1.14020744213327e-12, -0.00086468895620546, 
0.000822530135540832, 0.00027938361913414, -0.00130038925932638, 
0.00235438164270966, -7.6663561647955e-05, 0.00192490217569052, 
0.00150584354273152, 2.83985137930049e-08, -9.69878871598568e-09, 
1.92388329666022e-08, 3.73367572955716e-07, -6.65806766430463e-07, 
9.11368688581754e-08, -5.51745951496897e-07, -3.74097639891978e-07, 
7.09344628058244e-08, -6.86705190663229e-08, -4.29301969700775e-08, 
1.03477727727151e-07, -1.70382668870132e-07, 6.88204276715918e-08, 
-2.46586924203444e-07, -1.37963703861194e-07, 1.15573095506513e-05, 
1.15573095533161e-05, -0.00014473616650234, -1.30266232286088e-05, 
1.27790168937052e-05, 1.00370164735471e-05, -0.000150396937148543, 
-0.000150396937083368, 0.000203579748411228, 0.00016951732542048, 
-0.000166295189229626, -0.000130613143492199, -0.000109991227809823, 
-0.000109991227453315, 0.000113445479320873, 0.000123974723477944, 
-0.00012161824801973, -9.55225571715362e-05, 0.00149302992354569, 
0.00149302992352513, -0.00114587286845182, -0.00168284304172356, 
0.00165085604966343, 0.00129663100434494, 1.38728722899067e-12, 
2.6644008822151e-12, 1.23610523069442e-10, -5.70322697918856e-11, 
8.07069274382847e-11, 1.61177510109035e-11, 4.84767550261549e-11, 
8.06873877054236e-11, -1.1297008278405e-12, -2.0264226023322e-12, 
-9.62326348290667e-11, 4.41440309663748e-11, -6.29382397530956e-11, 
-1.23175749116885e-11, -3.77539675232253e-11, -6.28652457947806e-11, 
-0.000125191308824449, 0.000279383618941879, 0.000562227009977474, 
0.00262174227065624, -0.00460728605073081, 0.000710368688391502, 
-0.00373118749832696, -0.00244116751436497, -5.63322172347714e-08, 
1.92388338913973e-08, -3.81627832179325e-08, -7.4062411073725e-07, 
1.32071604365917e-06, -1.80782067867464e-07, 1.0944612878384e-06, 
7.42072288049652e-07, 4.4345504289706e-08, -4.29301961275547e-08, 
-2.68387943984402e-08, 6.46906920601252e-08, -1.06516388025351e-07, 
4.3024315193055e-08, -1.54157210081891e-07, -8.62496219217867e-08, 
-3.10341515308474e-06, -3.10341518802894e-06, -5.485455598668e-05, 
-5.75128903051398e-06, 5.8186286478788e-06, 1.09424367794653e-06, 
4.0385189303057e-05, 4.03851893738088e-05, 6.52805001357899e-05, 
7.48423545836313e-05, -7.5718654763231e-05, -1.42395507281284e-05, 
2.95352860196626e-05, 2.9535286089062e-05, 4.623180357354e-05, 
5.47351735451029e-05, -5.53760465374149e-05, -1.04139465711899e-05, 
-0.000400914388888435, -0.00040091438953548, -0.000379026968315652, 
-0.000742979724046196, 0.000751678986590872, 0.000141359762539079, 
2.01082897209169e-13, -2.06008101321487e-12, -5.7034501330707e-11, 
3.07348315227168e-11, -3.51163534629039e-11, -1.11970300393568e-11, 
-2.23137564993708e-11, -3.6250291510003e-11, -2.02305370893444e-13, 
1.63985906197196e-12, 4.41417832462445e-11, -2.40100432963057e-11, 
2.70629911951805e-11, 8.83942099049003e-12, 1.72644849754643e-11, 
2.80021748662194e-11, 0.00375403338570898, -0.00130038926393205, 
0.00262174227203483, 0.0490632959674959, -0.0871045383311133, 
0.0117192524069342, -0.0716556966627696, -0.0489025999354807, 
-1.09323794113831e-06, 3.73367576854187e-07, -7.40624110332616e-07, 
-1.43732738090547e-05, 2.56311035945713e-05, -3.50843311480755e-06, 
2.12401831539985e-05, 1.44013785958973e-05, -1.06889273273027e-07, 
1.03477723930597e-07, 6.46906932540376e-08, -1.55931138665622e-07, 
2.56747120703993e-07, -1.03704619884011e-07, 3.71579173698043e-07, 
2.07895419973946e-07, -5.71863515656198e-05, -5.71863516696757e-05, 
-5.203368145408e-05, -4.30626303841373e-05, 4.65853078527178e-05, 
-5.80612170446821e-05, 0.000744174247316247, 0.000744174247242455, 
-0.000180030328364865, 0.000560380229141993, -0.000606221339253541, 
0.000755558996605176, 0.000544244055502417, 0.000544244055282147, 
-0.000224316174318297, 0.000409828221896873, -0.00044335363865783, 
0.000552570173111092, -0.00738761334156076, -0.00738761334124769, 
0.00271755809869005, -0.00556304181638462, 0.006018118565114, 
-0.0075006327429764, 1.40595233028588e-12, 1.23568217635821e-12, 
8.0707661045482e-11, -3.51167566415605e-11, 5.4193078468796e-11, 
9.0516961336689e-12, 3.17269607060526e-11, 5.34159359813086e-11, 
-1.1253234793529e-12, -9.38153072644546e-13, -6.29373159998555e-11, 
2.70636704304907e-11, -4.22434228802959e-11, -6.6702844732333e-12, 
-2.47469849008058e-11, -4.16359249546078e-11, -0.00671558380565101, 
0.0023543816512469, -0.00460728605360329, -0.0871045383401555, 
0.155019545245033, -0.0210172253437544, 0.127934590041076, 0.0870767936569249, 
1.94951374934059e-06, -6.65806770119046e-07, 1.32071604435062e-06, 
2.56311035962755e-05, -4.57065996486418e-05, 6.25640434334901e-06, 
-3.78765020514349e-05, -2.56812213953545e-05, 1.75999971977735e-07, 
-1.70382669718515e-07, -1.06516388242999e-07, 2.56747123214176e-07, 
-4.22749234155778e-07, 1.7075484386704e-07, -6.11824653578892e-07, 
-3.42311671556348e-07, 9.80235332413512e-05, 9.80235332646018e-05, 
0.000155621409618764, 7.71612876949891e-05, -8.34096419178942e-05, 
0.000100745684738145, -0.00127559439021307, -0.00127559439009551, 
0.000288926782838806, -0.00100411097641372, 0.00108542171236936, 
-0.0013110181403677, -0.000932892621358764, -0.000932892621323306, 
0.000318357895427143, -0.000734346064957951, 0.000793811821630712, 
-0.000958799410731343, 0.0126631607719933, 0.0126631607715722, 
-0.00449752989857237, 0.00996807357072496, -0.0107752666174058, 
0.0130148216506539, -4.52139747898155e-13, 9.6996623700136e-13, 
1.61176898390634e-11, -1.11681616199886e-11, 9.07359391359967e-12, 
5.52191033388853e-12, 6.26985503522007e-12, 9.86598149250835e-12, 
4.45882807433576e-13, -8.19088917894103e-13, -1.22897860340341e-11, 
8.84640529694354e-12, -6.63963644623607e-12, -4.37448733107374e-12, 
-4.7575708319366e-12, -7.35642599096701e-12, 0.000673500952350878, 
-7.6663564953199e-05, 0.000710368693298446, 0.0117192524900093, 
-0.021017225489692, 0.00306877107448968, -0.0176077290347082, 
-0.0117730579045904, -2.6685307507175e-07, 9.11368848972859e-08, 
-1.80782066754267e-07, -3.50843313488177e-06, 6.25640438539845e-06, 
-8.56388273641648e-07, 5.18460610620456e-06, 3.51529334978759e-06, 
-7.10893167352632e-08, 6.88204275704864e-08, 4.30243368312182e-08, 
-1.03704594723791e-07, 1.7075485945356e-07, -6.8971149628563e-08, 
2.47126444956855e-07, 1.38265242869777e-07, -8.84021662815559e-06, 
-8.84021595116266e-06, -0.000112734201631592, -1.53924311845479e-05, 
1.63553533671158e-05, -8.56628953305963e-06, 0.000115039009313597, 
0.000115039008901077, 7.18060208714413e-05, 0.000200303926495827, 
-0.000212834596904544, 0.000111474356646648, 8.41325772906021e-05, 
8.4132577336111e-05, 3.47917492505516e-05, 0.000146490182028172, 
-0.000155654358528228, 8.15256036545406e-05, -0.00114202248287824, 
-0.00114202248296996, -4.29974734957377e-05, -0.00198846970668099, 
0.00211286497552676, -0.00110663524313855, 5.67669292141769e-13, 
1.02149084990386e-12, 4.84767680148846e-11, -2.23143483815738e-11, 
3.17266506205659e-11, 6.29295482693465e-12, 1.90751290881189e-11, 
3.17016369516086e-11, -4.57373903248635e-13, -7.7932360357529e-13, 
-3.77525748943875e-11, 1.72631149957651e-11, -2.47439399500444e-11, 
-4.78635968988532e-12, -1.48594328447398e-11, -2.47093059240329e-11, 
-0.00551863195015946, 0.00192490218272449, -0.0037311875007168, 
-0.0716556966702294, 0.127934590041005, -0.0176077289138489, 
0.106319117248843, 0.0719337301461471, 1.61553828275801e-06, 
-5.51745957133402e-07, 1.09446128812392e-06, 2.12401831546125e-05, 
-3.78765020496841e-05, 5.18460602685374e-06, -3.13877956076698e-05, 
-2.1281715164886e-05, 2.54716541989509e-07, -2.46586924971196e-07, 
-1.54157209577427e-07, 3.71579169643796e-07, -6.11824654795026e-07, 
2.47126441554039e-07, -8.85466822039477e-07, -4.95411757908574e-07, 
7.52493366396508e-05, 7.52493366415094e-05, 0.00023419457382553, 
6.40878827210415e-05, -6.9515149127358e-05, 7.62238785473782e-05, 
-0.000979230481445321, -0.00097923048150461, 0.000122663755465486, 
-0.000833984870386566, 0.000904610673177214, -0.00099191233668946, 
-0.00071614997519099, -0.00071614997513084, 0.000134942457556952, 
-0.000609926115980562, 0.000661577558525377, -0.000725424717427835, 
0.00972107835808478, 0.009721078357838, -0.00281023406990132, 
0.00827918700292696, -0.00898030790913429, 0.00984697446889075, 
1.13693309825324e-12, 1.50580334662568e-12, 8.06940200156278e-11, 
-3.62496057045122e-11, 5.3417877206383e-11, 9.85184286738869e-12, 
3.17039431556808e-11, 5.30504120750907e-11, -9.14397442685624e-13, 
-1.14647267037384e-12, -6.28694873417672e-11, 2.80037652389146e-11, 
-4.16383235255785e-11, -7.40856630076037e-12, -2.47093372114314e-11, 
-4.13357468668276e-11, -0.00394650985466955, 0.00150584354753937, 
-0.00244116751599496, -0.048902599940878, 0.0870767936574698, 
-0.0117730578227514, 0.0719337301466469, 0.048977183114255, 1.09537560437412e-06, 
-3.74097640052888e-07, 7.42072290340057e-07, 1.44013785995389e-05, 
-2.56812213950338e-05, 3.51529333447561e-06, -2.12817151649359e-05, 
-1.44295383477401e-05, 1.42512173770126e-07, -1.37963705326743e-07, 
-8.62496223638547e-08, 2.07895421657328e-07, -3.42311671392994e-07, 
1.38265238871044e-07, -4.95411757139193e-07, -2.77179361594493e-07, 
5.62272125174375e-05, 5.62272125169595e-05, 6.4698599544962e-05, 
4.05954734406376e-05, -4.42061518837737e-05, 5.85696049686156e-05, 
-0.000731692834226652, -0.000731692834201872, 0.000200585109376866, 
-0.000528274756628465, 0.000575261036653304, -0.000762174725430659, 
-0.000535115904724484, -0.000535115904686641, 0.000201996379888139, 
-0.000386348220349862, 0.000420711145002391, -0.000557408517188003, 
0.00726370707426371, 0.00726370707384287, -0.00277573757007751, 
0.00524432235424511, -0.00571076750523028, 0.00756630881987748, 
-1.97367287125517e-05, 2.08517728330182e-05, -5.64134638122577e-06, 
2.34386949665911e-05, -5.14660857948042e-05, -9.69925740416136e-07, 
-3.47450014983041e-05, -7.00532214756351e-05, 2.12406676065974e-05, 
-2.24408806705585e-05, 6.06526898111352e-06, -2.52194221852102e-05, 
5.53865496492388e-05, 1.04434599444572e-06, 3.73951511626334e-05, 
7.538546028461e-05, -8.31521907664767e-08, 2.83985130456087e-08, 
-5.63322173726531e-08, -1.093237948454e-06, 1.94951376384873e-06, 
-2.66853069050753e-07, 1.61553829554393e-06, 1.0953756125421e-06, 
0.00211694581110795, -0.00218642373055411, -0.00131842737947382, 
-0.000156872712704976, -0.000861142635297223, -0.000353749603346062, 
-9.68363823350292e-05, 0.00201936713679954, 0.000158884312986426, 
-0.000163040158241678, -0.000104334924588893, 5.93026188053338e-05, 
-9.16002314661245e-05, -6.55004503367626e-05, 7.79097281116741e-05, 
0.000134683202356258, 0.000165460134938002, 0.000165455121969954, 
0.000261429802697293, -0.000628328196505734, -9.06195488142186e-05, 
-0.000261291984537875, -0.00202282901795636, -0.00202276773216193, 
-0.00319610395101094, -6.85158577412894e-05, 0.00110786717870999, 
0.00319441905861306, 0.00191401702256191, 0.00191395903346743, 
0.00302417916389335, 0.00059917091270725, -0.00104827280011049, 
-0.00302258490517518, 6.73234724142269e-05, 6.73214327095122e-05, 
0.00010637222149062, 0.000145369429249592, -3.68718586597878e-05, 
-0.000106316145169533, 2.08517729180192e-05, -2.20321569793164e-05, 
5.89034212151594e-06, -2.47021355126723e-05, 5.43561080062734e-05, 
1.02964351325249e-06, 3.67339288280614e-05, 7.3941747449463e-05, 
-2.24408807551374e-05, 2.37119253816199e-05, -6.31839733717383e-06, 
2.65664034390159e-05, -5.84935674394437e-05, -1.10969473073439e-06, 
-3.95416021492047e-05, -7.95562144816165e-05, 2.83985139196643e-08, 
-9.6987892409787e-09, 1.92388345552183e-08, 3.73367588895555e-07, 
-6.65806794509817e-07, 9.11368722823761e-08, -5.51745976102149e-07, 
-3.7409765399456e-07, -0.00218642373052097, 0.00226265624598107, 
0.00142189144574308, 0.000209090322860949, 0.000853721064885851, 
0.000392874451913185, 0.000126336919912797, -0.00208359244349891, 
-0.000163040158241248, 0.000168120348195696, 0.000118295733686759, 
-5.30031813429329e-05, 8.85749199586357e-05, 7.53671202317082e-05, 
-8.49563671105161e-05, -0.000136583908629034, -0.000161042014860042, 
-0.000161037465935951, -0.000268667838874198, 0.000580452966668408, 
9.23750652728272e-05, 0.00026862077063439, 0.00196881539413026, 
0.001968759781465, 0.00328459239404374, 8.79423400611953e-05, 
-0.00112932920410966, -0.0032840169619927, -0.00186290889902846, 
-0.00186285627781013, -0.00310790763760308, -0.000577142269152623, 
0.00106858034045844, 0.00310736315916735, -6.55257996025684e-05, 
-6.55239487169866e-05, -0.00010931727969136, -0.00014419447652014, 
3.75861542522728e-05, 0.00010929812825161, -5.64134634971953e-06, 
5.89034209077781e-06, -3.68573721483238e-06, 8.50647203800952e-06, 
-1.52339668739729e-05, -1.31383050731876e-07, -9.15973973881074e-06, 
-2.20806859608934e-05, 6.06526894875628e-06, -6.31839730272234e-06, 
4.39609442585936e-06, -9.52292014750371e-06, 1.64882235468104e-05, 
1.10222411816609e-07, 9.68532608623727e-06, 2.41704907580004e-05, 
-5.63322179146789e-08, 1.92388341385976e-08, -3.8162783886674e-08, 
-7.40624124179981e-07, 1.32071606731686e-06, -1.80782071480327e-07, 
1.09446130788896e-06, 7.4207230329296e-07, -0.00131842737945725, 
0.00142189144574993, 0.00179770942836557, 0.000501297229055607, 
0.000347319696897167, 0.000618903801995543, 0.000548800282658099, 
-0.000919899411302128, -0.000104334924589692, 0.000118295733687647, 
0.000240500989277565, 3.6458579668854e-05, 9.43522181522615e-06, 
0.00016233054741251, -0.000113156912421014, -3.98401551273718e-05, 
1.80785413870117e-05, 1.80548976781063e-05, -0.000117865997475287, 
-0.000378356229710364, 8.52743055106355e-05, 0.000117959363622287, 
-0.000221018785757036, -0.000220729730413338, 0.00144096800104426, 
-1.03106928762409e-05, -0.00104251903126731, -0.0014421094469069, 
0.000209129745762195, 0.000208856239260392, -0.00136345546683667, 
0.00034459390538372, 0.000986439859494382, 0.00136453551214029, 
7.35591194289811e-06, 7.34629165047846e-06, -4.79580669903109e-05, 
-1.24197409158728e-05, 3.46969519065143e-05, 4.79960564117724e-05, 
2.34386950190636e-05, -2.47021355007999e-05, 8.50647205149701e-06, 
-2.9418071618969e-05, 6.1570378698904e-05, 1.02957447299753e-06, 
4.05991444002967e-05, 8.49793164126552e-05, -2.52194222433229e-05, 
2.65664034232079e-05, -9.5229201647404e-06, 3.19751493668667e-05, 
-6.63420074782975e-05, -1.08148207928901e-06, -4.35453283759049e-05, 
-9.18033456304508e-05, -1.09323793313362e-06, 3.73367572593515e-07, 
-7.40624105823841e-07, -1.43732737177869e-05, 2.5631103431751e-05, 
-3.50843309285761e-06, 2.12401830172128e-05, 1.44013785066257e-05, 
-0.000156872712714053, 0.000209090322875176, 0.000501297229052947, 
0.00117759233197087, -0.000428097753373045, 0.000266482271577723, 
0.000339146510831025, -0.000293828988188182, 5.93026188037323e-05, 
-5.30031813406785e-05, 3.64585796701212e-05, 0.00016325972655791, 
-0.00012631686374006, 5.25205241391459e-05, -2.22119066220169e-05, 
1.3663883993777e-05, 0.000115165639332556, 0.000115190936999031, 
-8.36923738286148e-06, -0.00101762616851851, 6.93583152275768e-06, 
1.01811922668324e-05, -0.00140795483711347, -0.00140826411171075, 
0.000102317915158636, 0.000870844325923757, -8.47938448251781e-05, 
-0.000124469927238957, 0.00133221814684963, 0.00133251078506084, 
-9.68140310753935e-05, -3.11879206565635e-06, 8.02326152168959e-05, 
0.000117774442483341, 4.68593281873088e-05, 4.68696213774794e-05, 
-3.40532837799709e-06, 4.50169259128574e-05, 2.82209489620049e-06, 
4.14258809403951e-06, -5.14660859022804e-05, 5.43561079086197e-05, 
-1.52339668945263e-05, 6.15703786113862e-05, -0.000134340651594313, 
-2.48978647751585e-06, -9.04025492671225e-05, -0.000183196704139229, 
5.53865497595093e-05, -5.84935673413238e-05, 1.64882235720403e-05, 
-6.63420074002137e-05, 0.000144598059552195, 2.67272757002586e-06, 
9.72539835543606e-05, 0.000197245142080891, 1.94951374829428e-06, 
-6.65806769244753e-07, 1.3207160443884e-06, 2.56311035886865e-05, 
-4.5706599634504e-05, 6.25640434101706e-06, -3.78765020395e-05, 
-2.56812213869692e-05, -0.000861142635286135, 0.000853721064882289, 
0.000347319696905157, -0.000428097753356351, 0.0013947512639638, 
7.81471609152047e-05, 0.000208553964719002, -0.000110493564443114, 
-9.16002314680959e-05, 8.85749199587206e-05, 9.43522181562205e-06, 
-0.000126316863738187, 0.000129281697927094, 1.00436398394536e-05, 
1.14127154950879e-05, -5.58028832083865e-05, -0.000161540047352671, 
-0.000161558713971825, -4.86925060925272e-05, 0.00104595946027636, 
0.000180478440066471, 4.54613422340651e-05, 0.00197490407886506, 
0.00197513228705448, 0.000595289097369085, -0.000413076052524948, 
-0.0022064349567586, -0.00055578657868565, -0.00186867006130968, 
-0.00186888599369263, -0.000563267313099604, -0.000479558424861608, 
0.00208774643285337, 0.000525889713405522, -6.57284423306494e-05, 
-6.57360375102418e-05, -1.98123166769355e-05, -0.00011731828428894, 
7.34342160499389e-05, 1.84976001561464e-05, -9.69925808778912e-07, 
1.02964359581487e-06, -1.31383039712486e-07, 1.029574594933e-06, 
-2.48978662046752e-06, -6.12994125569252e-08, -1.76867984823053e-06, 
-3.29390151670685e-06, 1.0443460623052e-06, -1.10969481110909e-06, 
1.10222402037415e-07, -1.08148218924056e-06, 2.67272771543681e-06, 
6.81788238142858e-08, 1.91593687911924e-06, 3.51550447382344e-06, 
-2.6685306737312e-07, 9.1136868935901e-08, -1.80782068221531e-07, 
-3.50843311972651e-06, 6.25640435034069e-06, -8.56388261165223e-07, 
5.18460603247926e-06, 3.51529333850091e-06, -0.000353749603344003, 
0.000392874451910679, 0.000618903802010275, 0.00026648227158212, 
7.81471609288251e-05, 0.000788473094517858, 0.000239487840931676, 
-0.000450580476496219, -6.55004503372653e-05, 7.53671202319058e-05, 
0.000162330547415272, 5.25205241432927e-05, 1.0043639837818e-05, 
0.000150061524685706, -4.91922243648838e-05, -3.73023780504175e-05, 
1.72789928599906e-05, 1.72803380471689e-05, -7.01131542619022e-05, 
-0.000106458254989473, -2.49123803498075e-05, 7.05554420373642e-05, 
-0.000211243923693844, -0.000211260369762762, 0.000857166731692479, 
-3.24455558791351e-05, 0.000304565724056235, -0.00086257390990401, 
0.00019988069300446, 0.000199896254504097, -0.000811058028685378, 
0.00012499894468323, -0.000288182528222677, 0.000816174344002691, 
7.03058642211879e-06, 7.03113376231503e-06, -2.85280863224598e-05, 
1.06217342123339e-05, -1.01365078548889e-05, 2.87080471658005e-05, 
-3.47450016291397e-05, 3.67339288749007e-05, -9.15973970608353e-06, 
4.05991445137952e-05, -9.04025494430669e-05, -1.76867976557788e-06, 
-6.14688371035492e-05, -0.000122549663072561, 3.73951512929025e-05, 
-3.95416021969355e-05, 9.68532605231989e-06, -4.35453284955344e-05, 
9.72539837271129e-05, 1.91593680564905e-06, 6.62220172939611e-05, 
0.000131725022355852, 1.61553828589654e-06, -5.51745956275139e-07, 
1.09446129181965e-06, 2.1240183187733e-05, -3.78765021120619e-05, 
5.18460603524018e-06, -3.13877956586917e-05, -2.12817151983156e-05, 
-9.68363823133806e-05, 0.000126336919900423, 0.000548800282688751, 
0.000339146510866589, 0.000208553964726458, 0.00023948784094411, 
0.00227896756080168, -3.94181431570295e-05, 7.79097281145913e-05, 
-8.4956367114752e-05, -0.000113156912417609, -2.221190661446e-05, 
1.14127154905198e-05, -4.91922243589948e-05, 0.000108425313880421, 
5.78134101253447e-05, 3.54824423788326e-05, 3.54819676019284e-05, 
-2.7584165973737e-05, -0.00197395921412317, 4.49921201531925e-06, 
2.49065398808236e-05, -0.000433789769231504, -0.000433783965600961, 
0.00033722957863052, 0.000880452532340841, -5.50050134852025e-05, 
-0.000304494322773973, 0.000410455355059874, 0.000410449863684259, 
-0.000319089328455531, 0.000831192524192337, 5.20461841177712e-05, 
0.000288114967364484, 1.44373220337546e-05, 1.44371289279968e-05, 
-1.12236209716395e-05, 1.01477638389932e-05, 1.83066817665938e-06, 
1.01341314157144e-05, -7.00532216900641e-05, 7.39417473747176e-05, 
-2.20806860142286e-05, 8.49793164076212e-05, -0.000183196704241496, 
-3.29390130431645e-06, -0.000122549662852412, -0.000250693068968188, 
7.53854605010939e-05, -7.9556214408219e-05, 2.41704908128751e-05, 
-9.1803345634002e-05, 0.000197245142182712, 3.51550425961248e-06, 
0.000131725022127881, 0.000270181762224176, 1.09537560337588e-06, 
-3.74097639696613e-07, 7.42072290059609e-07, 1.44013785901297e-05, 
-2.56812213785649e-05, 3.51529333193173e-06, -2.12817151508774e-05, 
-1.44295383382215e-05, 0.00201936713678994, -0.00208359244351387, 
-0.000919899411293593, -0.000293828988162123, -0.000110493564446943, 
-0.000450580476505663, -3.94181431595161e-05, 0.00282700606564149, 
0.000134683202356045, -0.000136583908628323, -3.98401551267209e-05, 
1.36638839949164e-05, -5.58028832069414e-05, -3.73023780513334e-05, 
5.78134101215931e-05, 0.000159690882601578, 0.000152374536779515, 
0.000152334688807147, 0.000350194041155638, -0.00012939501496792, 
8.33904353408408e-05, -0.000352009539069899, -0.00186285134310088, 
-0.00186236418291904, -0.00428128907727651, -0.000527600013616029, 
-0.0010194878213336, 0.00430348440437944, 0.00176264486501434, 
0.00176218391011537, 0.00405099002426796, 0.000629941998117682, 
0.000964647544099195, -0.00407199142057761, 6.19991210715851e-05, 
6.19829074923102e-05, 0.000142489179558452, 0.000138962174150129, 
3.3930430884623e-05, -0.000143227880890167, -6.66245778118989e-10, 
8.18370358196708e-10, 3.47972052660006e-09, -2.40703705154788e-09, 
-3.67849121467903e-10, -7.98911177473601e-10, -3.91929045576741e-09, 
2.97684932347977e-09, 6.92422119238446e-10, -8.85302712254224e-10, 
-4.60799488258944e-09, 3.35929469917454e-09, 1.88375723213691e-10, 
7.57824303290318e-10, 4.11846580317932e-09, -3.68993414531999e-09, 
-7.32730498129049e-08, 7.09344641742649e-08, 4.43455045190028e-08, 
-1.06889279016303e-07, 1.75999976924167e-07, -7.10893169419025e-08, 
2.54716545694936e-07, 1.42512176707973e-07, 0.00015888431298485, 
-0.000163040158238758, -0.000104334924589837, 5.93026188035078e-05, 
-9.16002314649208e-05, -6.5500450336316e-05, 7.79097281121243e-05, 
0.000134683202355839, 0.00113139112803846, -0.00114173263004183, 
-0.00030925591878609, -0.000244614721220678, -0.000808264926426844, 
0.000500375720230747, -0.000679346056922709, 0.0001104220470963, 
-0.000126444119756251, -0.000126444318516583, -4.07149244775054e-05, 
0.000116780725830972, 0.000520257911843023, 4.06618065797603e-05, 
-0.00147360118296697, -0.00147360349926898, -0.000474498624399452, 
0.0013609823526165, 0.000354578025553538, 0.000473879579181962, 
0.00162141436421371, 0.00162141691286024, 0.000522094372757209, 
-0.00149749902584407, -0.000822138992825694, -0.000521413232709557, 
-6.91878977525404e-06, -6.91880065089478e-06, -2.22784584831848e-06, 
6.39002667161911e-06, 1.3551623910425e-05, 2.22493933255943e-06, 
8.18340008062843e-10, -1.21747487721229e-09, -1.05366383050725e-08, 
8.38836971262057e-09, -1.05084084485878e-09, 1.42489789610766e-09, 
7.01345026542452e-09, -9.7096581375598e-09, -8.85271189762757e-10, 
1.43066121809915e-09, 1.47137527596561e-08, -1.19507096350448e-08, 
1.88713466356898e-09, -1.60284145672059e-09, -8.40240096497336e-09, 
1.32883728182414e-08, 7.09344636319919e-08, -6.86705202785208e-08, 
-4.29301965493021e-08, 1.03477727356268e-07, -1.70382670723397e-07, 
6.88204297924271e-08, -2.46586924742759e-07, -1.37963705671277e-07, 
-0.00016304015824011, 0.000168120348193705, 0.000118295733686657, 
-5.30031813392628e-05, 8.85749199535615e-05, 7.53671202311635e-05, 
-8.49563671112502e-05, -0.000136583908625304, -0.00114173263003548, 
0.0011569512167824, 0.000381533621819033, 0.000273471952732959, 
0.000776198029408843, -0.000465593699233406, 0.000662665376066592, 
-0.000115832825699798, 0.000120685515757542, 0.000120685992066537, 
4.17131530316864e-05, -0.000115293071488072, -0.000433620729928612, 
-4.16617304354329e-05, 0.00140648943680997, 0.00140649498793278, 
0.000486132148456596, -0.00134364497833723, -0.00037666321463586, 
-0.000485532860845696, -0.00154757080954552, -0.00154757691744562, 
-0.000534894826009293, 0.00147842258375137, 0.000768241358443844, 
0.000534235425473844, 6.60368947921357e-06, 6.60371554388956e-06, 
2.28246699748296e-06, -6.30862493108396e-06, -1.16964891812258e-05, 
-2.27965324728269e-06, 3.47975978383871e-09, -1.0536642819366e-08, 
-2.03517693631901e-07, 1.73855638224337e-07, -4.35486058472917e-08, 
1.59209493654607e-08, 8.57927551425176e-08, -1.94515955373148e-07, 
-4.60803175765991e-09, 1.47137576205167e-08, 2.91877002261812e-07, 
-2.49671672038426e-07, 6.29585026454207e-08, -2.20595653583864e-08, 
-1.20439825696679e-07, 2.77946988950409e-07, 4.43455041704128e-08, 
-4.29301965185101e-08, -2.68387953416171e-08, 6.46906897865137e-08, 
-1.06516384334488e-07, 4.30243155278986e-08, -1.54157207496879e-07, 
-8.62496199286924e-08, -0.000104334924589156, 0.000118295733688481, 
0.00024050098927928, 3.6458579668444e-05, 9.4352218164275e-06, 
0.000162330547414391, -0.00011315691242108, -3.98401551248091e-05, 
-0.000309255918778381, 0.000381533621813889, 0.00123958532400123, 
7.83644286427612e-05, -0.000279001478503826, 0.000293631699503274, 
0.000137678521072023, 6.14811940511697e-06, -5.78304404232585e-05, 
-5.78225160322207e-05, 9.43933750932881e-06, -1.15677371440484e-05, 
0.00113152667271482, -9.40719010873846e-06, -0.000673965745123849, 
-0.000673873392781525, 0.000110007637978138, -0.000134812367673465, 
-0.000532337144746546, -0.000109632986431379, 0.000741569532350474, 
0.000741467916362416, -0.00012104222397127, 0.00014833505283852, 
-0.000457470181091396, 0.000120629992082489, -3.16437538916919e-06, 
-3.16394179285662e-06, 5.16503198322303e-07, -6.32965234587496e-07, 
4.22992174100194e-05, -5.14744151224593e-07, -2.40703526019302e-09, 
8.38834070985969e-09, 1.73855619019741e-07, -1.49608436462836e-07, 
3.90781188862515e-08, -1.16033817828795e-08, -7.09597776996261e-08, 
1.65899118069625e-07, 3.35929160824687e-09, -1.19506818425589e-08, 
-2.49671652309721e-07, 2.14807826100859e-07, -5.59984073916005e-08, 
1.66172405953007e-08, 1.00848994926671e-07, -2.37648479320711e-07, 
-1.06889276619323e-07, 1.03477727456606e-07, 6.46906922904016e-08, 
-1.55931133598119e-07, 2.56747124787745e-07, -1.03704619620465e-07, 
3.71579172021301e-07, 2.07895422783398e-07, 5.93026188063033e-05, 
-5.30031813454707e-05, 3.64585796682934e-05, 0.00016325972656152, 
-0.000126316863742298, 5.25205241381563e-05, -2.22119066137026e-05, 
1.36638839963682e-05, -0.000244614721218938, 0.000273471952732929, 
7.83644286354492e-05, 0.0014604855232251, 4.16472315708933e-05, 
0.000597000361117669, -0.000720375271694783, 0.00023606658496182, 
-3.09391090341013e-05, -3.09458210943103e-05, -5.17743442771183e-05, 
2.82270841228106e-06, 0.000268053300927917, 5.16968563482059e-05, 
-0.000360569615828699, -0.000360647839387117, -0.000603386975300252, 
3.28963224473044e-05, 0.000125885318664335, 0.00060248391775196, 
0.00039673743549807, 0.000396823505588457, 0.000663911185922492, 
-3.61960688066026e-05, -0.000364553343047992, -0.00066291754496095, 
-1.69293107142059e-06, -1.69329834718667e-06, -2.8329969177327e-06, 
1.544534089779e-07, 1.03574333951874e-06, 2.82875692370705e-06, 
-3.67857637927462e-10, -1.05070022723147e-09, -4.35485471509648e-08, 
3.90781891289941e-08, -1.30688059256747e-08, 9.32041615524991e-12, 
1.3953114711074e-08, -4.16926039833658e-08, 1.88385598589967e-10, 
1.88699333337675e-09, 6.29584428880837e-08, -5.59984783954033e-08, 
1.79101539940898e-08, -9.19447572909632e-10, -2.17144276593002e-08, 
6.0401634327866e-08, 1.75999971545251e-07, -1.70382669801237e-07, 
-1.06516388722344e-07, 2.56747114818531e-07, -4.22749219720102e-07, 
1.70754842225914e-07, -6.11824641749298e-07, -3.42311663486777e-07, 
-9.16002314654337e-05, 8.85749199562687e-05, 9.43522181478237e-06, 
-0.000126316863738429, 0.000129281697926503, 1.0043639838155e-05, 
1.14127154953296e-05, -5.58028832062097e-05, -0.000808264926431589, 
0.000776198029416991, -0.000279001478504233, 4.16472315769599e-05, 
0.0012324190663706, -0.000453906030136252, 0.000629947072934662, 
0.000438786563175406, 0.000145558053900935, 0.000145559646751996, 
-5.14172678959382e-05, -0.00012937078235953, -0.00156345192410304, 
5.1544856200434e-05, 0.00169635820799572, 0.00169637677162616, 
-0.000599225546470937, -0.00150770900426895, -0.000192076531535354, 
0.000600712482309437, -0.00186651557902344, -0.001866536004606, 
0.000659332334802469, 0.00165894345419414, 0.0015686589766831, 
-0.000660968421394096, 7.96466903157215e-06, 7.96475618481373e-06, 
-2.81345832510765e-06, -7.07893130649992e-06, 1.49363972680388e-05, 
2.82043972557983e-06, -7.98869194029827e-10, 1.4248488826782e-09, 
1.59209348572259e-08, -1.16034096453766e-08, 9.39350702420883e-12, 
-7.2091122684636e-09, -1.13737865165226e-08, 1.92100881131587e-08, 
7.57781106933302e-10, -1.60278826638353e-09, -2.2059548967533e-08, 
1.66172629566815e-08, -9.19520538541111e-10, 8.50818829867631e-09, 
1.32066195867802e-08, -2.52926493600053e-08, -7.10893149783509e-08, 
6.88204296110802e-08, 4.30243171957351e-08, -1.03704601942656e-07, 
1.70754813549753e-07, -6.89711619024281e-08, 2.47126416778961e-07, 
1.38265221999494e-07, -6.5500450336522e-05, 7.53671202313964e-05, 
0.000162330547413721, 5.25205241409584e-05, 1.00436398397469e-05, 
0.000150061524683849, -4.91922243619693e-05, -3.73023780515133e-05, 
0.000500375720228931, -0.000465593699243818, 0.000293631699500406, 
0.000597000361114377, -0.000453906030142236, 0.0015295559262746, 
-0.001467413257608, -0.000154279583631932, -0.000160454585688885, 
-0.000160455352001734, 2.73728094405215e-05, 0.000133883015524255, 
0.000115306076879175, -2.74243444264367e-05, -0.0018699649113668, 
-0.00186997384227756, 0.000319007356206829, 0.00156029533322018, 
0.000599758230351341, -0.000319607953627203, 0.00205753632859286, 
0.00205754615536213, -0.000351006171682792, -0.00171680458390829, 
-0.000718143718119969, 0.000351667013472163, -8.77977997077457e-06, 
-8.77982189615337e-06, 1.4977898131769e-06, 7.32583239279812e-06, 
1.89259640906017e-05, -1.50060971738904e-06, -3.91919779676419e-09, 
7.01345511441931e-09, 8.57927849694422e-08, -7.09599144726141e-08, 
1.39533848975824e-08, -1.13738048772763e-08, -5.05205766834064e-08, 
8.57491803888079e-08, 4.11836945543606e-09, -8.40240465917344e-09, 
-1.20439851453797e-07, 1.00849134700836e-07, -2.17147035178342e-08, 
1.32066329992047e-08, 6.19643122657628e-08, -1.17286789105237e-07, 
2.5471653888868e-07, -2.46586923921153e-07, -1.54157212624417e-07, 
3.71579138036627e-07, -6.11824595946987e-07, 2.47126433765326e-07, 
-8.85466775771766e-07, -4.95411725019817e-07, 7.79097281084652e-05, 
-8.49563671157323e-05, -0.000113156912421768, -2.22119066188328e-05, 
1.14127154935775e-05, -4.9192224364069e-05, 0.000108425313876486, 
5.78134101237782e-05, -0.000679346056909815, 0.000662665376063019, 
0.00013767852107093, -0.000720375271693813, 0.000629947072931195, 
-0.00146741325762218, 0.00211272500181778, 0.000215814082721931, 
6.78188003515691e-05, 6.78150228718051e-05, 7.16385561476819e-06, 
-5.95728078982581e-05, -0.000722801354153982, -6.97920288259531e-06, 
0.000790371783112647, 0.000790327760379777, 8.34887850776771e-05, 
-0.000694271590461978, 7.39890691993094e-05, -8.13368123034413e-05, 
-0.000869651963205793, -0.000869603524842185, -9.18633321460055e-05, 
0.000763912205160381, 0.000550670479924335, 8.94955006624421e-05, 
3.71092019943828e-06, 3.71071350340612e-06, 3.91992806075593e-07, 
-3.25971475133939e-06, 5.24250751498881e-05, -3.81888955725443e-07, 
2.97684577336566e-09, -9.70952009505471e-09, -1.94515952299997e-07, 
1.65899181936122e-07, -4.16925811116949e-08, 1.92100028864991e-08, 
8.57487098205433e-08, -1.9269889547775e-07, -3.68992715669042e-09, 
1.32882346885969e-08, 2.77946987968995e-07, -2.37648544765323e-07, 
6.04016124364437e-08, -2.52925648527018e-08, -1.1728631881753e-07, 
2.72136553038247e-07, 1.42512175262635e-07, -1.37963706069459e-07, 
-8.62496217344204e-08, 2.07895436497102e-07, -3.42311698111926e-07, 
1.38265242852264e-07, -4.95411779832027e-07, -2.7717937686714e-07, 
0.000134683202355402, -0.000136583908627018, -3.98401551257988e-05, 
1.36638839959545e-05, -5.58028832071477e-05, -3.73023780513664e-05, 
5.78134101215947e-05, 0.000159690882602291, 0.000110422047101587, 
-0.000115832825703734, 6.14811940328397e-06, 0.000236066584969502, 
0.0004387865631809, -0.000154279583637336, 0.000215814082714726, 
0.00125130691836317, 4.55075198690143e-05, 4.55152645592756e-05, 
-0.000224083155338201, -0.000110817258876619, -5.71122518658334e-05, 
0.000224186467169295, 0.000530352342914901, 0.000530442600792638, 
-0.00261150303710694, -0.00129148310003112, -0.000665312733252593, 
0.00261270705061704, -0.000583550635593713, -0.000583649947062612, 
0.0028734562548779, 0.00142102848019049, 0.000719225962715759, 
-0.00287478103994336, 2.49008773023028e-06, 2.4905115086321e-06, 
-1.22614183622752e-05, -6.06371666084228e-06, 7.3449698806689e-05, 
1.22670713988674e-05, 0.00228646333059017, -0.00208698576724235, 
0.00649196394220874, -0.00604370022713935, 0.00126917646888711, 
-0.00164890396623551, -0.00200254140599238, 0.00124556586936761, 
-0.00275702688543451, 0.00244228680377384, -0.00972000771085885, 
0.00820419897104466, -0.00217168428226114, 0.00149457812491707, 
0.00399029667008437, -0.000848542561662986, -1.42698802756719e-05, 
1.1557309511989e-05, -3.10341514702213e-06, -5.71863514285345e-05, 
9.80235332585579e-05, -8.84021609282686e-06, 7.52493366307443e-05, 
5.6227212523465e-05, 0.000165460134931981, -0.000161042014896682, 
1.80785413768196e-05, 0.000115165639456904, -0.000161540047370068, 
1.72789928437717e-05, 3.54824422613043e-05, 0.000152374536759713, 
-0.000126444119770468, 0.00012068551575963, -5.78304404275767e-05, 
-3.09391090485889e-05, 0.00014555805390743, -0.000160454585655107, 
6.78188003068468e-05, 4.55075199202974e-05, 0.492665210511798, 
0.48894800604088, 0.0553766639673611, -0.0675443506915051, 0.0163159787532394, 
-0.0604648075372932, 0, 0, 0, 0, 0, 0, 0, 0, 0, 0, 0, 0, 0, 0, 
0, 0, 0, 0, -0.000978017693998041, 0.000837783983973125, -0.00466001822212755, 
0.0038065087831143, -0.00215007162258872, -0.00049295372666997, 
0.00276857203589956, -0.000924862572977903, 0.00164516991738606, 
-0.0014736108846306, 0.00608483731322592, -0.00547878354750694, 
0.00278816631412371, 0.000172059457589353, -0.00309644012872284, 
0.00200143585666433, -1.42698802742237e-05, 1.15573095132399e-05, 
-3.10341515226184e-06, -5.71863514276538e-05, 9.80235332569765e-05, 
-8.84021609171078e-06, 7.52493366246247e-05, 5.62272125200852e-05, 
0.000165455122014999, -0.000161037465986195, 1.80548976891401e-05, 
0.000115190937016588, -0.000161558713977004, 1.72803380796834e-05, 
3.54819674962404e-05, 0.000152334688810618, -0.000126444318526922, 
0.000120685992082218, -5.78225159762255e-05, -3.09458211047234e-05, 
0.000145559646784883, -0.000160455351965266, 6.78150229183992e-05, 
4.55152645893518e-05, 0.488948006043137, 0.491220326350801, 0.0609355221793087, 
-0.0619831748289195, 0.0107422718154745, -0.0563908195167537, 
0, 0, 0, 0, 0, 0, 0, 0, 0, 0, 0, 0, 0, 0, 0, 0, 0, 0, -0.00193627546690406, 
0.00152349878413239, -0.0109660057251866, 0.00786842701892422, 
-0.000889441734061621, 0.00127007528117775, 0.0051928614373271, 
0.00240210550492961, 0.00309488230120322, -0.00256037332605869, 
0.0149875684652654, -0.0113722758169318, 0.00224279686519933, 
-0.00155700654536752, -0.00701885284161113, -0.00164671764143273, 
0.000136975012708473, -0.000144736166558395, -5.48545560264568e-05, 
-5.20336812679347e-05, 0.000155621409700724, -0.000112734199564807, 
0.000234194573802593, 6.46985995552662e-05, 0.000261429802393791, 
-0.000268667838885152, -0.000117865997243938, -8.36923733798686e-06, 
-4.8692505913082e-05, -7.01131542272969e-05, -2.75841660294594e-05, 
0.00035019404105435, -4.07149244174927e-05, 4.17131529989834e-05, 
9.43933735110931e-06, -5.1774344338596e-05, -5.14172678865495e-05, 
2.73728093952354e-05, 7.16385543123479e-06, -0.000224083155404742, 
0.0553766639564983, 0.0609355221773819, 0.499065519949768, 0.237445498172358, 
-0.17370675422681, -0.491096655454241, 0, 0, 0, 0, 0, 0, 0, 0, 
0, 0, 0, 0, 0, 0, 0, 0, 0, 0, -0.00370018822454627, 0.00341117373678917, 
-0.00972397396521727, 0.00837370959795978, -0.0030652302163327, 
0.0017665400581782, 0.00333367989800718, -0.000518269220124247, 
0.00469159052850672, -0.00426950079907771, 0.013864956531707, 
-0.0118460536978381, 0.00422755654809884, -0.00199307551676446, 
-0.0053125840867894, 0.00102495780782812, 1.05735214617282e-05, 
-1.30266229767195e-05, -5.75128905343601e-06, -4.30626304457824e-05, 
7.71612875332835e-05, -1.53924307942139e-05, 6.40878827570409e-05, 
4.05954735004719e-05, -0.000628328198160529, 0.000580452966758825, 
-0.000378356229683593, -0.00101762616841842, 0.00104595946006679, 
-0.000106458254924728, -0.00197395921368116, -0.000129395015208807, 
0.000116780725781975, -0.000115293071343715, -1.15677377675325e-05, 
2.82270843237801e-06, -0.000129370782045493, 0.000133883015852691, 
-5.95728076771073e-05, -0.000110817258724121, -0.0675443506786526, 
-0.0619831748443349, 0.237445498189268, 0.484121490739474, -0.405241488954814, 
-0.228702400840376, 0, 0, 0, 0, 0, 0, 0, 0, 0, 0, 0, 0, 0, 0, 
0, 0, 0, 0, 0.003884263688208, -0.0036024289712142, 0.00987232097317778, 
-0.00867561044386485, 0.0035694638672181, -0.00176436838131434, 
-0.00304557230360034, 0.00126680939494505, -0.00486019148382832, 
0.00444410177641328, -0.0140179623361128, 0.0121374774054305, 
-0.00469373764747719, 0.00199230480295743, 0.00505509608018723, 
-0.00172757664314272, -1.01563901359097e-05, 1.27790165777295e-05, 
5.81862863084572e-06, 4.6585307992729e-05, -8.34096418515513e-05, 
1.63553549365144e-05, -6.95151493659088e-05, -4.42061518603054e-05, 
-9.0619548185425e-05, 9.23750646077486e-05, 8.52743053815625e-05, 
6.93583122643874e-06, 0.00018047844045066, -2.49123802731277e-05, 
4.49921261380993e-06, 8.33904359550838e-05, 0.000520257912105642, 
-0.000433620729710714, 0.00113152667212116, 0.000268053301184401, 
-0.0015634519240962, 0.000115306077335266, -0.000722801353909934, 
-5.71122516824663e-05, 0.0163159787254393, 0.0107422717775801, 
-0.173706754251042, -0.405241488817383, 0.489956059742222, 0.164918653397827, 
0, 0, 0, 0, 0, 0, 0, 0, 0, 0, 0, 0, 0, 0, 0, 0, 0, 0, -0.00259034810478116, 
0.00240998993872572, -0.00804574717729259, 0.00765350297779772, 
-0.00603098648136568, -0.00118038032293021, 0.00475872338913551, 
-0.00549164864227169, 0.00332698072730149, -0.00302001687150134, 
0.0119841624809151, -0.0106484879613228, 0.0075751262277464, 
0.0014297574542042, -0.00709933341083592, 0.00602981301726498, 
-1.26074210946461e-05, 1.00370164091279e-05, 1.09424367067123e-06, 
-5.80612168104994e-05, 0.000100745684744544, -8.56628909440323e-06, 
7.62238785318899e-05, 5.85696049588354e-05, -0.000261291984782135, 
0.000268620770023425, 0.000117959363841905, 1.01811924683265e-05, 
4.54613423981381e-05, 7.05554420273455e-05, 2.49065406140307e-05, 
-0.000352009538876103, 4.06618066765822e-05, -4.16617304593344e-05, 
-9.40719027905047e-06, 5.16968562729384e-05, 5.15448562472268e-05, 
-2.74243442790016e-05, -6.97920264873604e-06, 0.000224186467041825, 
-0.0604648075412154, -0.0563908195077124, -0.491096655495599, 
-0.228702400808197, 0.164918653373185, 0.500000000030338, 0, 
0, 0, 0, 0, 0, 0, 0, 0, 0, 0, 0, 0, 0, 0, 0, 0, 0, 0.00256655161823561, 
-0.00228009780579353, 0.00849174820522649, -0.00732528959620039, 
0.00107239469550979, -0.00124664792844107, -0.00351387707656198, 
-0.00100879375168629, -0.00409264839822032, 0.00362543478569558, 
-0.0144287943650526, 0.0121786631661019, -0.00322374085148521, 
0.00221861556782934, 0.00592336671128944, -0.00125961280040093, 
0.000185696012188165, -0.000150396937233063, 4.03851893600064e-05, 
0.000744174247279265, -0.00127559439016626, 0.000115039008299541, 
-0.000979230481509438, -0.000731692834236482, -0.00202282901792152, 
0.00196881539412647, -0.000221018785774374, -0.00140795483733041, 
0.00197490407889468, -0.000211243923712443, -0.000433789769303964, 
-0.00186285134311211, -0.00147360118298738, 0.00140648943672848, 
-0.000673965745146029, -0.000360569615658553, 0.00169635820796849, 
-0.0018699649114219, 0.000790371782896731, 0.00053035234295382, 
0, 0, 0, 0, 0, 0, 0.49266521051352, 0.488948006040965, 0.0553766639675332, 
-0.067544350691408, 0.0163159787538026, -0.0604648075371657, 
0, 0, 0, 0, 0, 0, 0, 0, 0, 0, 0, 0, -0.0012637240166625, 0.00108252411774189, 
-0.00602133988117653, 0.00491849646318047, -0.00277816767905424, 
-0.000636959297754795, 0.00357734936203211, -0.00119504079814942, 
0.00197306651806803, -0.00168176874909449, 0.00931480588646911, 
-0.00767712822163076, 0.0036922144729698, 0.00132787063281204, 
-0.00578686068273214, 0.000282168897373979, 0.000185696012188444, 
-0.000150396937233157, 4.03851894248508e-05, 0.00074417424724904, 
-0.00127559439012383, 0.000115039008308288, -0.000979230481471405, 
-0.000731692834193448, -0.00202276773219869, 0.0019687597814037, 
-0.000220729730392982, -0.00140826411203397, 0.00197513228703178, 
-0.000211260369896435, -0.000433783965620624, -0.0018623641828973, 
-0.00147360349929908, 0.00140649498783583, -0.00067387339280746, 
-0.000360647839407465, 0.00169637677155837, -0.0018699738423116, 
0.000790327760308893, 0.000530442600799656, 0, 0, 0, 0, 0, 0, 
0.488948006039629, 0.491220326344806, 0.0609355221782494, -0.0619831748299193, 
0.0107422718137522, -0.0563908195166573, 0, 0, 0, 0, 0, 0, 0, 
0, 0, 0, 0, 0, -0.00250191568652065, 0.00196855538979632, -0.0141694827057911, 
0.0101670146229371, -0.00114927254104753, 0.00164109979473961, 
0.00670984150230983, 0.00310382770769779, 0.00459417539903018, 
-0.00380072745974619, 0.0222481864036202, -0.0168814916699821, 
0.00332930340410209, -0.00231128698009766, -0.0104190847717011, 
-0.00244445796082937, -0.000206452177909348, 0.000203579748366877, 
6.52805000938106e-05, -0.000180030328544263, 0.000288926782846035, 
7.18060217378917e-05, 0.000122663755373594, 0.000200585109381106, 
-0.00319610395100175, 0.00328459239413814, 0.00144096800107114, 
0.000102317915158883, 0.000595289097345532, 0.000857166731653385, 
0.000337229578490212, -0.00428128907728456, -0.000474498624368289, 
0.00048613214844419, 0.000110007638045531, -0.00060338697535186, 
-0.000599225546501911, 0.000319007356249263, 8.34887851446848e-05, 
-0.00261150303707842, 0, 0, 0, 0, 0, 0, 0.0553766639680027, 0.0609355221813982, 
0.499065519978894, 0.237445498176259, -0.173706754240683, -0.491096655483199, 
0, 0, 0, 0, 0, 0, 0, 0, 0, 0, 0, 0, -0.00478111669541162, 0.00440767299248163, 
-0.0125646187307158, 0.0108199043753149, -0.00396066969388452, 
0.00228259581657818, 0.0043075410354625, -0.000669670156165244, 
0.00696439725058726, -0.00633782923818724, 0.0205817333285622, 
-0.017584787782637, 0.00627556540160593, -0.00295860637423969, 
-0.00788622659667212, 0.00152149112277104, -0.000137594761144333, 
0.000169517325208015, 7.48423545594036e-05, 0.000560380229030486, 
-0.0010041109764041, 0.000200303924070909, -0.000833984870431005, 
-0.00052827475663514, -6.85158577888081e-05, 8.79423402055858e-05, 
-1.0310692828661e-05, 0.000870844325787073, -0.000413076052492287, 
-3.24455558746972e-05, 0.000880452532328132, -0.000527600013615885, 
0.00136098235263793, -0.00134364497838048, -0.000134812367648563, 
3.28963224888863e-05, -0.00150770900428343, 0.00156029533319454, 
-0.00069427159031386, -0.00129148309994577, 0, 0, 0, 0, 0, 0, 
-0.0675443506885596, -0.061983174827153, 0.237445498180296, 0.484121490665055, 
-0.405241488807399, -0.228702400796332, 0, 0, 0, 0, 0, 0, 0, 
0, 0, 0, 0, 0, 0.00501896575090964, -0.00465479923055308, 0.0127563020459574, 
-0.0112099989014962, 0.00461220409722217, -0.00227978973342419, 
-0.00393526915354928, 0.00163687985180618, -0.0072146757045417, 
0.00659701438285749, -0.0208088616743697, 0.0180173895722609, 
-0.00696758452578465, 0.00295746229045815, 0.00750400040646334, 
-0.00256448851316062, 0.000132166571483922, -0.000166295189084397, 
-7.57186547748768e-05, -0.000606221339219424, 0.00108542171241514, 
-0.000212834595348843, 0.000904610673208111, 0.0005752610366591, 
0.00110786717877581, -0.00112932920422608, -0.00104251903126302, 
-8.47938448014383e-05, -0.00220643495682728, 0.000304565724111138, 
-5.50050132603729e-05, -0.00101948782130695, 0.000354578025566321, 
-0.000376663214713423, -0.000532337144753564, 0.000125885318714674, 
-0.000192076531519119, 0.000599758230331983, 7.3989069327246e-05, 
-0.000665312733196972, 0, 0, 0, 0, 0, 0, 0.0163159787525169, 
0.0107422718133801, -0.173706754247147, -0.405241488799083, 0.489956059716058, 
0.164918653394694, 0, 0, 0, 0, 0, 0, 0, 0, 0, 0, 0, 0, -0.00334706123545124, 
0.00311401540523, -0.0103961349595386, 0.00988930525969915, -0.00779280631297614, 
-0.00152520243151001, 0.00614887958904993, -0.00709591280587177, 
0.00493871221037108, -0.00448304195871828, 0.0177898023559831, 
-0.0158070700817655, 0.0112448407319137, 0.00212239299878746, 
-0.0105385535641271, 0.00895091183713059, 0.000164062190303015, 
-0.000130613143623591, -1.42395506956697e-05, 0.000755558996885603, 
-0.00131101814037243, 0.000111474356411632, -0.000991912336805641, 
-0.000762174725452148, 0.00319441905859783, -0.00328401696204738, 
-0.00144210944693429, -0.000124469927290178, -0.000555786578649574, 
-0.000862573909860445, -0.0003044943227193, 0.00430348440431029, 
0.000473879579159601, -0.000485532860929608, -0.000109632986376802, 
0.000602483917766932, 0.000600712482335681, -0.000319607953639735, 
-8.13368123945965e-05, 0.00261270705059852, 0, 0, 0, 0, 0, 0, 
-0.0604648075349641, -0.0563908195147299, -0.491096655480104, 
-0.228702400792863, 0.164918653386229, 0.499999999997658, 0, 
0, 0, 0, 0, 0, 0, 0, 0, 0, 0, 0, 0.00155265845163939, -0.00132121950233514, 
0.00686407726719092, -0.0052477243078102, 0.00153079977616257, 
-0.00143891160932661, -0.00261817887256444, 0.00131471241086771, 
-0.00277212160196575, 0.00245565831900527, -0.0097732247331558, 
0.00824911694354469, -0.00218357424922763, 0.00150276093706002, 
0.00401214353618631, -0.000853188330427151, 0.000135806837125312, 
-0.000109991227697464, 2.95352860257105e-05, 0.000544244055664068, 
-0.000932892621343316, 8.41325760272511e-05, -0.000716149975124307, 
-0.000535115904725611, 0.00191401702254925, -0.00186290889898242, 
0.000209129745784606, 0.00133221814682039, -0.0018686700612285, 
0.000199880692982316, 0.000410455355046652, 0.00176264486500743, 
0.00162141436422961, -0.00154757080964239, 0.000741569532383658, 
0.000396737435399336, -0.00186651557899668, 0.0020575363286438, 
-0.000869651963281467, -0.000583550635598447, 0, 0, 0, 0, 0, 
0, 0, 0, 0, 0, 0, 0, 0.49266521051376, 0.488948006043425, 0.055376663966509, 
-0.0675443506911014, 0.0163159787533176, -0.0604648075353755, 
0, 0, 0, 0, 0, 0, -0.000897797994581223, 0.000769066638881311, 
-0.00427779071910278, 0.00349428847018717, -0.00197371683842363, 
-0.000452520307168846, 0.0025414861478759, -0.00084900280271023, 
0.00115733774768188, -0.000933113390830924, 0.00713472638176603, 
-0.0052604532199605, 0.00324642152662426, 0.000277714185319344, 
-0.00398472152864713, 0.00209606447871579, 0.000135806837126289, 
-0.000109991227696516, 2.953528607308e-05, 0.000544244055642715, 
-0.000932892621308509, 8.41325760345985e-05, -0.000716149975101773, 
-0.000535115904688711, 0.00191395903346925, -0.00186285627776605, 
0.000208856239274803, 0.00133251078503703, -0.00186888599364371, 
0.000199896254488325, 0.000410449863523978, 0.00176218391001737, 
0.00162141691286399, -0.00154757691755181, 0.000741467916372776, 
0.000396823505571101, -0.00186653600463781, 0.00205754615540371, 
-0.000869603524867928, -0.000583649946985226, 0, 0, 0, 0, 0, 
0, 0, 0, 0, 0, 0, 0, 0.48894800604041, 0.491220326346381, 0.0609355221795337, 
-0.0619831748296171, 0.0107422718137802, -0.0563908195172222, 
0, 0, 0, 0, 0, 0, -0.0017774568310547, 0.00139853722641086, -0.0100665437941352, 
0.00722303700730967, -0.000816487278089178, 0.00116590021643209, 
0.00476692866900296, 0.00220507820905413, 0.00311182677521452, 
-0.00257439136457049, 0.0150696253706452, -0.0114345390024058, 
0.0022550761727906, -0.00156553115304964, -0.00705728104603102, 
-0.00165573341735174, -0.000119179595590756, 0.00011344547957423, 
4.62318035311975e-05, -0.000224316174337329, 0.000318357895404784, 
3.47917476048722e-05, 0.000134942457427707, 0.000201996379883105, 
0.00302417916391664, -0.00310790763765879, -0.00136345546687033, 
-9.68140310369864e-05, -0.000563267313051797, -0.000811058028644772, 
-0.000319089328893074, 0.00405099002427367, 0.000522094372786803, 
-0.000534894826031356, -0.000121042223992692, 0.000663911185961011, 
0.000659332334789686, -0.000351006171623728, -9.18633325541176e-05, 
0.00287345625495721, 0, 0, 0, 0, 0, 0, 0, 0, 0, 0, 0, 0, 0.0553766639659731, 
0.0609355221783841, 0.499065519981372, 0.237445498177561, -0.173706754242088, 
-0.49109665548531, 0, 0, 0, 0, 0, 0, -0.00339668861579188, 0.00313137989088705, 
-0.00892638689324096, 0.00768687492025415, -0.00281381160877146, 
0.00162164358617005, 0.00306024230934527, -0.000475759355337086, 
0.00471727697684996, -0.00429287630678783, 0.0139408671391189, 
-0.0119109108175521, 0.00425070241134854, -0.00200398759981624, 
-0.00534167047353633, 0.0010305694499796, -0.000100628490054056, 
0.000123974723540641, 5.47351735526618e-05, 0.000409828221943058, 
-0.000734346064996197, 0.000146490180765368, -0.000609926116017452, 
-0.000386348220359179, 0.00059917091275266, -0.000577142269134321, 
0.000344593905396741, -3.11879213827257e-06, -0.00047955842485464, 
0.000124998944665593, 0.000831192524395658, 0.000629941998025957, 
-0.00149749902589782, 0.00147842258379215, 0.000148335052840062, 
-3.61960688199201e-05, 0.00165894345421728, -0.00171680458389337, 
0.000763912205185105, 0.0014210284801339, 0, 0, 0, 0, 0, 0, 0, 
0, 0, 0, 0, 0, -0.0675443506900015, -0.0619831748258172, 0.237445498178233, 
0.484121490657254, -0.405241488804714, -0.228702400796454, 0, 
0, 0, 0, 0, 0, 0.00356566570437721, -0.0033069478456166, 0.00906256606993453, 
-0.00796401302839086, 0.00327668662970987, -0.00161965003727276, 
-0.00279576609090566, 0.00116290220735828, -0.00488680102124864, 
0.00446843322467668, -0.0140947106488537, 0.0122039300681345, 
-0.00471943585149171, 0.00200321266449021, 0.00508277271934088, 
-0.0017370351209607, 9.66586403077829e-05, -0.000121618247979027, 
-5.53760465593499e-05, -0.000443353638601257, 0.000793811821657, 
-0.000155654356196538, 0.00066157755845859, 0.000420711145007052, 
-0.00104827280014271, 0.00106858034048171, 0.000986439859468766, 
8.02326153277674e-05, 0.00208774643281349, -0.000288182528167337, 
5.2046184187216e-05, 0.000964647544063175, -0.00082213899285669, 
0.000768241358443935, -0.000457470181026627, -0.000364553342966556, 
0.00156865897669241, -0.000718143718123142, 0.000550670479666404, 
0.000719225962794672, 0, 0, 0, 0, 0, 0, 0, 0, 0, 0, 0, 0, 0.0163159787509717, 
0.010742271812912, -0.1737067542442, -0.405241488805474, 0.48995605972272, 
0.164918653393713, 0, 0, 0, 0, 0, 0, -0.00237788063317345, 0.00221231594002553, 
-0.00738581287920597, 0.00702574162778026, -0.00553630839299542, 
-0.00108356228601975, 0.00436839981765966, -0.00504120852551612, 
0.00334519593965615, -0.00303655145694837, 0.01204977574607, 
-0.0107067884103358, 0.00761660002782006, 0.00143758537436896, 
-0.00713820224613076, 0.0060628262306149, 0.000119985167665503, 
-9.55225570737679e-05, -1.04139465302489e-05, 0.00055257017326887, 
-0.000958799410724641, 8.15256051382701e-05, -0.000725424717429358, 
-0.000557408517190548, -0.003022584905164, 0.0031073631592005, 
0.00136453551208461, 0.000117774442379767, 0.000525889713373447, 
0.000816174343975615, 0.00028811496759226, -0.00407199142041988, 
-0.000521413232732105, 0.000534235425497518, 0.000120629992059377, 
-0.00066291754497608, -0.000660968421352445, 0.000351667013405286, 
8.94955008506974e-05, -0.0028747810399833, 0, 0, 0, 0, 0, 0, 
0, 0, 0, 0, 0, 0, -0.0604648075366385, -0.0563908195178951, -0.491096655482562, 
-0.228702400793065, 0.164918653386523, 0.499999999998543, 0, 
0, 0, 0, 0, 0, -0.0365283417792271, 0.0323932375529436, -0.12564996263341, 
0.106673322098559, -0.0222987956690561, 0.0244371328928588, 0.0472720471987762, 
-0.00823357551759341, 0.0553189212350162, -0.0490037554750978, 
0.195029052421167, -0.164614802661618, 0.043574196680078, -0.0299882638104157, 
-0.0800641112228547, 0.0170257531337095, -0.00184345311896825, 
0.00149302992433557, -0.000400914389123303, -0.00738761334206405, 
0.0126631607722187, -0.00114202247078685, 0.00972107835836069, 
0.00726370707432668, 6.73234724302749e-05, -6.55257996264076e-05, 
7.35591194168809e-06, 4.685932811653e-05, -6.57284422602846e-05, 
7.03058654379137e-06, 1.44373218485806e-05, 6.19991209989827e-05, 
-6.91878973014367e-06, 6.60368950756679e-06, -3.16437536269399e-06, 
-1.69293115610322e-06, 7.96466905892572e-06, -8.77977988553325e-06, 
3.71092004950995e-06, 2.49008781083316e-06, 0, 0, 0, 0, 0, 0, 
0, 0, 0, 0, 0, 0, 0, 0, 0, 0, 0, 0, 0.492665210514519, 0.488948006042805, 
0.0553766639668659, -0.0675443506914126, 0.0163159787533518, 
-0.0604648075367253, 0.017984649829423, -0.0154059089901764, 
0.0856925150102334, -0.0699974325176368, 0.0395374086556623, 
0.00906486683282521, -0.0509109384204056, 0.0170071866980847, 
-0.0273305636497018, 0.0233478659072818, -0.130286735021694, 
0.106087522813374, -0.0561840103847184, -0.0106759587868916, 
0.0748291177391804, -0.0245919145855835, -0.00184345311896412, 
0.0014930299243129, -0.000400914389761636, -0.00738761334171732, 
0.0126631607717114, -0.00114202247086921, 0.00972107835804403, 
0.00726370707385799, 6.73214327293657e-05, -6.55239487318692e-05, 
7.346291646952e-06, 4.68696213466215e-05, -6.57360374475694e-05, 
7.03113390286968e-06, 1.44371286896956e-05, 6.19829074082954e-05, 
-6.91880060509647e-06, 6.60371557097884e-06, -3.16394175524291e-06, 
-1.69329842864157e-06, 7.96475621779394e-06, -8.77982181650884e-06, 
3.71071335607513e-06, 2.4905115857946e-06, 0, 0, 0, 0, 0, 0, 
0, 0, 0, 0, 0, 0, 0, 0, 0, 0, 0, 0, 0.488948006039577, 0.491220326346876, 
0.0609355221789376, -0.061983174828564, 0.0107422718138697, -0.0563908195165414, 
0.0356059368430345, -0.0280154360350309, 0.201652561289196, -0.144691558749765, 
0.0163558371422017, -0.0233552617131142, -0.095490904846725, 
-0.0441720294281913, -0.0620978892667101, 0.0513731262804871, 
-0.300721086088169, 0.228181318588967, -0.0450010494086997, 0.0312408714270651, 
0.140831186495095, 0.0330408977851177, 0.00123928964180051, -0.00114587286907354, 
-0.000379026968250942, 0.00271755809875507, -0.00449752989868808, 
-4.29974742013229e-05, -0.00281023407007576, -0.00277573757008029, 
0.000106372221440364, -0.000109317279673086, -4.79580669599469e-05, 
-3.40532851788022e-06, -1.98123167022396e-05, -2.85280863157172e-05, 
-1.12236209921105e-05, 0.000142489179561904, -2.22784580137919e-06, 
2.28246702980907e-06, 5.16503191832001e-07, -2.83299691769723e-06, 
-2.8134583528383e-06, 1.49778979892845e-06, 3.91993000429427e-07, 
-1.22614182192446e-05, 0, 0, 0, 0, 0, 0, 0, 0, 0, 0, 0, 0, 0, 
0, 0, 0, 0, 0, 0.0553766639669031, 0.0609355221794142, 0.499065519980022, 
0.237445498175574, -0.173706754239953, -0.491096655484305, 0.0680423162840132, 
-0.0627276636412586, 0.178812987453426, -0.153983138453978, 0.0563661495900615, 
-0.0324846928443128, -0.0613026383897143, 0.0095303901919089, 
-0.0941353627003022, 0.0856662583539008, -0.278196211188319, 
0.237687528950978, -0.084824659177481, 0.0399904651561757, 0.106595412538177, 
-0.0205654720521146, 0.00136593934617147, -0.00168284303012305, 
-0.000742979721539258, -0.00556304183367621, 0.00996807360028389, 
-0.0019884696997442, 0.00827918702650689, 0.00524432237278631, 
0.000145369428553051, -0.000144194476699424, -1.24197411810178e-05, 
4.50169246173285e-05, -0.00011731828608622, 1.06217340981363e-05, 
1.01477649500824e-05, 0.000138962173317891, 6.39002665777518e-06, 
-6.30862533024332e-06, -6.32965848684961e-07, 1.54453273248531e-07, 
-7.07893189929803e-06, 7.32583253614443e-06, -3.25971329788828e-06, 
-6.06371687738216e-06, 0, 0, 0, 0, 0, 0, 0, 0, 0, 0, 0, 0, 0, 
0, 0, 0, 0, 0, -0.0675443504092402, -0.0619831745598319, 0.237445497107322, 
0.48412148903411, -0.405241487272585, -0.228702399776897, -0.0714272582670846, 
0.0662446334217553, -0.181540927135549, 0.159534759514268, -0.0656384444394045, 
0.0324447573630592, 0.0560046648726229, -0.0232952070288358, 
0.097518291359449, -0.0891695754718248, 0.281266233362634, -0.243534862869429, 
0.0941784474488713, -0.0399750000446094, -0.101428996158948, 
0.0346633111445415, -0.00131205232600853, 0.00165085607858859, 
0.000751678986214407, 0.00601811845742142, -0.010775266425495, 
0.00211286494968535, -0.00898030775015301, -0.00571076739057877, 
-3.68718428736246e-05, 3.75861504816413e-05, 3.46969494043916e-05, 
2.82209513213147e-06, 7.34342119566826e-05, -1.01365078802721e-05, 
1.83066546711121e-06, 3.39304641943419e-05, 1.35516232427866e-05, 
-1.16964885380457e-05, 4.22992218264685e-05, 1.03574238837938e-06, 
1.4936396740842e-05, 1.89259577855985e-05, 5.24250806346609e-05, 
7.34497003020657e-05, 0, 0, 0, 0, 0, 0, 0, 0, 0, 0, 0, 0, 0, 
0, 0, 0, 0, 0, 0.0163159792595449, 0.0107422721411352, -0.173706756161805, 
-0.405241493010747, 0.489956064683244, 0.164918655113957, 0.0476335999654047, 
-0.0443170153349882, 0.147952277838876, -0.140739346412217, 0.110903085545933, 
0.0217058719216702, -0.0875075924753956, 0.100985266838191, -0.0667548748849307, 
0.0605957367653142, -0.2404586418317, 0.213658731397715, -0.151992645893266, 
-0.0286876564287216, 0.142446005087109, -0.12098639773795, -0.0016286884831798, 
0.00129663100546324, 0.000141359762307817, -0.007500632743653, 
0.0130148216509831, -0.00110663523461908, 0.00984697446925015, 
0.007566308819967, -0.000106316145119604, 0.000109298128236211, 
4.79960563812194e-05, 4.14258824789436e-06, 1.84976001806568e-05, 
2.87080471583037e-05, 1.01341314368266e-05, -0.000143227880893154, 
2.2249392872292e-06, -2.27965328111732e-06, -5.14744145389983e-07, 
2.82875691933685e-06, 2.82043975161181e-06, -1.50060969910637e-06, 
-3.81889149624208e-07, 1.22670712518292e-05, 0, 0, 0, 0, 0, 0, 
0, 0, 0, 0, 0, 0, 0, 0, 0, 0, 0, 0, -0.0604648075371596, -0.0563908195174155, 
-0.491096655487526, -0.228702400795867, 0.164918653389263, 0.500000000004979
), .Dim = c(64L, 64L))
